 1994 1995 1996 1997 1998 1999 2000 2001 2002 2003 2004 2005 2006 2007 2008 2009 2010 2011 2012 2013 2014 2015 2016 2017 2018 
 9263 9594 10062 10312 10202 9706 10229 10748 11030 11458 11044 12377 11955 12626 12981 13792 14593 14640 15200 15716 16466 16167 16605 16660 17013 
 5169 5262 5563 5779 5615 5404 5635 5848 6036 6191 6039 6761 6597 6843 7176 7607 8159 8345 8707 8839 9206 8845 9059 9119 9224 
 4088 4323 4497 4532 4585 4301 4587 4897 4989 5261 5003 5614 5356 5778 5803 6180 6432 6290 6476 6869 7240 7300 7527 7538 7784 
 6 9 2 1 2 1 7 3 5 6 2 2 2 5 2 5 2 5 17 8 20 22 19 3 5 
 683 667 638 670 570 521 526 589 551 518 453 498 424 557 418 459 549 529 746 706 834 739 764 707 637 
 379 351 354 379 322 296 294 331 320 288 244 298 227 291 237 252 293 277 427 402 474 397 420 382 339 
 300 310 282 290 246 224 228 255 228 227 207 199 195 261 180 205 255 249 310 296 343 323 327 322 293 
 4 6 2 1 2 1 4 3 3 3 2 1 2 5 1 2 1 3 9 8 17 19 17 3 5 
 60 73 78 102 85 84 99 133 126 142 124 141 142 128 150 177 169 169 150 174 174 181 171 201 216 
 126 4 121 7 123 7 127 5 122 5 125 6 122 8 119 4 121 117 7 120 7 120 4 123 2 118 4 123 7 123 1 126 9 132 7 134 5 128 7 127 2 121 2 120 353394446659 120 9737331 118 4994861253854059609 
 5 08905852417303 7 07364341085271 7 20887245841035 9 18918918918919 8 05687203791469 8 57142857142857 10 3340292275574 12 751677852349 11 5490375802017 14 0454995054402 13 2 12 6 12 7 10 6 12 5 12 3 9 6 8 1 6 4 9 9 3 12 2 12 0592383638928 14 450035945363 16 6538164996144949884 
 2 4060529 
 6 9 7 10 9 9 9 3 6 8 5 8 13 7 10 12 9 11 9 8 18 13 9 9 13 
 2 5 4 5 3 4 5 2 5 4 3 3 6 4 6 6 6 6 3 2 11 7 4 6 10 
 4 4 3 5 6 5 4 1 1 4 2 5 7 3 4 6 3 5 6 6 7 6 5 3 3 
 0 0 0 0 0 0 0 0 0 0 0 0 0 0 0 0 0 0 0 0 0 0 0 0 0 
 0 1 0 1 0 0 0 0 0 0 0 1 0 0 2 0 0 0 1 0 2 0 1 0 0 
 0 1 0 0 0 0 0 0 0 0 0 0 0 0 0 0 0 0 0 0 1 0 0 0 0 
 0 0 0 1 0 0 0 0 0 0 0 1 0 0 2 0 0 0 1 0 1 0 1 0 0 
 0 0 0 0 0 0 0 0 0 0 0 0 0 0 0 0 0 0 0 0 0 0 0 0 0 
 3 5897436 
 341 311 403 398 432 457 428 378 401 436 467 513 477 554 528 523 549 615 609 695 692 658 670 684 655 
 214 167 230 226 258 246 244 216 226 243 264 277 257 332 275 289 297 372 351 392 362 374 385 374 369 
 127 142 173 172 174 211 183 162 175 193 203 236 220 222 253 234 252 243 258 301 329 282 281 310 285 
 0 2 0 0 0 0 1 0 0 0 0 0 0 0 0 0 0 0 0 2 1 2 4 0 1 
 43 54 66 47 33 68 44 46 36 53 47 47 32 37 33 33 30 41 44 52 48 49 58 45 49 
 24 27 48 30 17 33 27 24 20 26 23 26 15 28 21 16 18 22 22 23 28 26 28 29 34 
 19 26 18 17 16 35 17 22 16 27 24 21 17 9 12 17 12 19 22 27 19 21 26 16 14 
 0 1 0 0 0 0 0 0 0 0 0 0 0 0 0 0 0 0 0 2 1 2 4 0 1 
 2 3267935 
 115 124 114 137 129 141 124 117 137 141 129 152 117 116 121 138 160 144 148 157 175 168 173 169 180 
 56 70 70 63 73 71 66 63 69 70 75 82 57 65 66 57 75 76 81 97 92 93 91 77 90 
 59 54 44 74 56 70 58 54 68 71 54 70 59 51 55 81 85 68 67 60 83 75 82 92 90 
 0 0 0 0 0 0 0 0 0 0 0 0 1 0 0 0 0 0 0 0 0 0 0 0 0 
 9 4 2 9 6 12 4 7 8 5 3 6 2 4 9 4 5 6 7 7 10 5 9 6 7 
 6 3 0 5 5 8 1 3 2 2 2 2 0 0 2 2 3 6 4 4 4 4 2 2 5 
 3 1 2 4 1 4 3 4 6 3 1 4 1 4 7 2 2 0 3 3 6 1 7 4 2 
 0 0 0 0 0 0 0 0 0 0 0 0 1 0 0 0 0 0 0 0 0 0 0 0 0 
 2 7017059 
 103 93 99 89 88 90 84 85 89 90 93 106 97 99 110 135 127 108 104 102 138 150 144 153 165 
 66 56 55 59 56 59 48 52 48 56 63 55 51 59 55 80 83 63 57 60 81 77 87 87 96 
 37 37 44 30 32 31 36 33 41 34 30 51 46 40 55 55 44 45 47 42 57 73 57 66 69 
 0 0 0 0 0 0 0 0 0 0 0 0 0 0 0 0 0 0 0 0 0 0 0 0 0 
 12 4 8 8 5 8 6 7 3 2 8 4 3 3 0 3 4 4 6 9 7 4 8 7 3 
 5 2 3 6 3 5 4 6 2 1 5 3 3 1 0 3 1 3 5 3 4 1 6 3 2 
 7 2 5 2 2 3 2 1 1 1 3 1 0 2 0 0 3 1 1 6 3 3 2 4 1 
 0 0 0 0 0 0 0 0 0 0 0 0 0 0 0 0 0 0 0 0 0 0 0 0 0 
 3 7935216 
 10 15 15 20 21 12 10 16 9 7 8 13 14 20 9 11 18 15 17 16 14 9 14 16 10 
 6 6 8 9 14 4 2 10 6 3 4 8 10 10 4 8 10 8 11 5 8 5 9 7 7 
 4 9 7 11 7 8 8 6 3 4 4 5 4 10 5 3 8 7 6 11 6 4 5 9 3 
 0 0 0 0 0 0 0 0 0 0 0 0 0 0 0 0 0 0 0 0 0 0 0 0 0 
 1 1 0 0 2 0 0 0 1 0 0 0 1 1 0 0 1 0 0 1 0 0 2 0 0 
 0 1 0 0 2 0 0 0 0 0 0 0 0 0 0 0 1 0 0 1 0 0 1 0 0 
 1 0 0 0 0 0 0 0 1 0 0 0 1 1 0 0 0 0 0 0 0 0 1 0 0 
 0 0 0 0 0 0 0 0 0 0 0 0 0 0 0 0 0 0 0 0 0 0 0 0 0 
 2 9077118 
 100 104 99 120 90 81 95 101 102 111 109 130 121 125 123 137 147 148 154 144 177 158 163 148 170 
 47 55 53 92 46 47 61 54 50 58 52 74 64 69 68 77 80 85 92 80 103 89 92 82 96 
 53 49 46 28 44 34 34 47 52 53 57 56 57 56 55 60 67 63 62 63 74 68 71 66 74 
 0 0 0 0 0 0 0 0 0 0 0 0 0 0 0 0 0 0 0 1 0 1 0 0 0 
 8 13 9 11 6 6 7 4 4 8 4 7 9 4 6 7 5 9 6 7 12 8 10 8 7 
 2 7 4 9 3 5 6 1 2 5 2 2 4 2 3 3 2 3 4 5 8 4 4 3 4 
 6 6 5 2 3 1 1 3 2 3 2 5 5 2 3 4 3 6 2 1 4 3 6 5 3 
 0 0 0 0 0 0 0 0 0 0 0 0 0 0 0 0 0 0 0 1 0 1 0 0 0 
 2 0205113 
 74 86 81 64 64 62 83 64 62 47 66 57 73 63 87 74 98 65 71 89 88 82 105 95 88 
 39 47 44 31 41 33 51 37 37 26 30 34 45 37 52 45 54 35 44 48 49 43 51 54 55 
 35 39 37 33 23 29 32 27 25 21 36 23 28 26 35 29 44 30 27 41 38 39 54 41 33 
 0 0 0 0 0 0 0 0 0 0 0 0 0 0 0 0 0 0 0 0 1 0 0 0 0 
 6 7 11 5 5 3 5 5 1 4 2 1 2 1 2 3 2 5 1 4 2 4 6 6 2 
 3 6 5 2 3 3 3 2 0 3 1 1 1 1 2 1 1 1 0 3 2 1 3 4 2 
 3 1 6 3 2 0 2 3 1 1 1 0 1 0 0 2 1 4 1 1 0 3 3 2 0 
 0 0 0 0 0 0 0 0 0 0 0 0 0 0 0 0 0 0 0 0 0 0 0 0 0 
 3 1442845 
 14 9 12 19 13 19 22 13 14 14 16 12 19 21 18 12 16 24 9 21 20 15 21 16 28 
 8 6 6 13 11 12 15 6 9 10 10 7 7 10 7 7 11 11 6 11 16 8 12 12 17 
 6 3 6 6 2 7 7 7 5 4 6 5 12 11 11 5 5 13 3 10 4 7 9 4 11 
 0 0 0 0 0 0 0 0 0 0 0 0 0 0 0 0 0 0 0 0 0 0 0 0 0 
 0 0 0 1 1 0 1 1 2 0 1 0 0 0 0 0 0 1 0 0 1 0 2 0 0 
 0 0 0 1 1 0 1 1 1 0 0 0 0 0 0 0 0 0 0 0 0 0 2 0 0 
 0 0 0 0 0 0 0 0 1 0 1 0 0 0 0 0 0 1 0 0 1 0 0 0 0 
 0 0 0 0 0 0 0 0 0 0 0 0 0 0 0 0 0 0 0 0 0 0 0 0 0 
 1 6846361 
 212 237 252 234 227 216 209 201 241 225 212 251 257 250 267 329 306 315 268 335 367 341 345 303 327 
 114 149 136 137 147 121 126 113 130 123 127 145 140 138 150 185 194 179 153 193 214 194 199 166 168 
 98 88 116 97 80 95 83 88 111 102 85 106 117 112 116 144 112 136 115 142 153 147 146 137 159 
 0 0 0 0 0 0 0 0 0 0 0 0 0 0 1 0 0 0 0 0 0 0 0 0 0 
 10 10 7 8 5 4 4 7 9 3 3 9 3 5 8 1 11 9 11 8 13 9 11 9 14 
 2 5 5 7 4 2 3 3 7 3 3 6 3 3 7 0 4 7 8 5 10 7 8 4 7 
 8 5 2 1 1 2 1 4 2 0 0 3 0 2 1 1 7 2 3 3 3 2 3 5 7 
 0 0 0 0 0 0 0 0 0 0 0 0 0 0 0 0 0 0 0 0 0 0 0 0 0 
 2 551592 
 236 270 254 298 291 278 270 303 294 336 291 325 314 336 337 409 405 412 405 475 485 448 457 480 436 
 128 149 147 165 145 160 144 157 154 189 160 174 178 188 197 215 220 238 217 293 260 239 260 250 243 
 107 121 107 133 146 118 126 146 140 147 130 151 136 148 139 192 184 174 188 181 224 207 197 230 193 
 1 0 0 0 0 0 0 0 0 0 1 0 0 0 1 2 1 0 0 1 1 2 0 0 0 
 12 20 19 26 26 14 18 15 13 10 16 16 18 15 14 16 21 20 16 18 26 18 30 26 17 
 6 13 13 17 17 8 13 8 11 6 9 14 11 6 9 5 10 9 8 13 14 10 17 13 5 
 5 7 6 9 9 6 5 7 2 4 6 2 7 9 4 11 11 11 8 4 11 6 13 13 12 
 1 0 0 0 0 0 0 0 0 0 1 0 0 0 1 0 0 0 0 1 1 2 0 0 0 
 1 7988008 
 46 53 64 60 59 64 67 58 49 57 55 63 67 67 64 70 73 65 67 68 84 87 80 69 82 
 27 27 42 36 43 40 44 32 24 38 33 39 42 37 36 34 46 44 36 44 53 50 51 38 53 
 19 26 22 24 16 24 23 26 25 19 22 24 25 30 28 36 27 21 31 24 30 36 29 31 29 
 0 0 0 0 0 0 0 0 0 0 0 0 0 0 0 0 0 0 0 0 1 1 0 0 0 
 3 2 3 5 1 2 3 2 5 0 2 0 2 2 0 1 1 0 4 2 1 5 3 4 1 
 2 1 2 3 1 2 3 1 2 0 1 0 1 2 0 1 1 0 1 1 1 4 1 2 0 
 1 1 1 2 0 0 0 1 3 0 1 0 1 0 0 0 0 0 3 1 0 0 2 2 1 
 0 0 0 0 0 0 0 0 0 0 0 0 0 0 0 0 0 0 0 0 0 1 0 0 0 
 2 5827144 
 14 21 13 15 18 15 6 22 16 7 13 10 11 11 17 11 11 11 13 13 15 18 14 12 16 
 10 11 6 6 12 8 0 12 6 4 8 3 8 6 10 7 5 4 8 10 8 12 9 4 7 
 4 10 7 9 6 7 6 10 10 3 5 7 3 5 7 4 6 7 5 3 7 6 5 8 9 
 0 0 0 0 0 0 0 0 0 0 0 0 0 0 0 0 0 0 0 0 0 0 0 0 0 
 0 2 0 0 1 1 1 0 0 1 1 0 0 1 0 0 0 0 1 0 1 2 0 0 1 
 0 1 0 0 1 0 0 0 0 1 1 0 0 1 0 0 0 0 1 0 0 1 0 0 0 
 0 1 0 0 0 1 1 0 0 0 0 0 0 0 0 0 0 0 0 0 1 1 0 0 1 
 0 0 0 0 0 0 0 0 0 0 0 0 0 0 0 0 0 0 0 0 0 0 0 0 0 
 3 8709677 
 3 4 4 3 4 5 7 2 2 5 5 11 3 2 6 9 7 5 7 8 14 7 9 9 7 
 1 2 3 3 3 5 5 1 1 5 3 8 3 2 5 5 2 4 6 5 13 4 3 6 5 
 2 2 1 0 1 0 2 1 1 0 2 3 0 0 1 4 5 1 1 3 1 3 6 3 2 
 0 0 0 0 0 0 0 0 0 0 0 0 0 0 0 0 0 0 0 0 0 0 0 0 0 
 1 0 0 0 0 1 0 0 0 0 0 0 0 0 0 0 0 0 0 1 1 0 0 0 0 
 0 0 0 0 0 1 0 0 0 0 0 0 0 0 0 0 0 0 0 1 0 0 0 0 0 
 1 0 0 0 0 0 0 0 0 0 0 0 0 0 0 0 0 0 0 0 1 0 0 0 0 
 0 0 0 0 0 0 0 0 0 0 0 0 0 0 0 0 0 0 0 0 0 0 0 0 0 
 4 3478261 
 48 59 69 60 33 47 56 62 57 56 43 68 53 61 61 64 69 65 52 78 75 74 47 68 59 
 32 32 36 36 20 30 34 37 29 32 27 40 35 38 41 33 41 44 27 46 50 46 22 35 29 
 16 27 33 24 13 17 22 25 28 24 16 28 18 23 20 31 28 21 25 32 25 28 25 33 30 
 0 0 0 0 0 0 0 0 0 0 0 0 0 0 0 0 0 0 0 0 0 0 0 0 0 
 5 4 2 2 3 8 4 1 4 2 0 4 1 1 1 6 3 1 4 4 0 3 2 1 2 
 5 2 1 1 1 5 3 1 1 2 0 1 1 0 1 3 1 1 1 2 0 2 2 1 2 
 0 2 1 1 2 3 1 0 3 0 0 3 0 1 0 3 2 0 3 2 0 1 0 0 0 
 0 0 0 0 0 0 0 0 0 0 0 0 0 0 0 0 0 0 0 0 0 0 0 0 0 
 3 2530369 
 15 11 7 13 9 8 5 10 13 7 15 5 4 12 8 10 7 10 16 8 10 13 13 19 13 
 10 7 5 5 5 5 2 6 8 6 6 2 2 7 3 5 3 7 13 6 5 10 6 10 9 
 5 4 2 8 4 3 3 4 5 1 9 3 2 5 5 5 4 3 3 2 5 3 7 9 4 
 0 0 0 0 0 0 0 0 0 0 0 0 0 0 0 0 0 0 0 0 0 0 0 0 0 
 2 0 0 3 1 1 0 0 1 0 0 0 0 0 0 1 0 1 2 0 0 0 0 0 0 
 1 0 0 1 1 0 0 0 1 0 0 0 0 0 0 1 0 0 2 0 0 0 0 0 0 
 1 0 0 2 0 1 0 0 0 0 0 0 0 0 0 0 0 1 0 0 0 0 0 0 0 
 0 0 0 0 0 0 0 0 0 0 0 0 0 0 0 0 0 0 0 0 0 0 0 0 0 
 1 5363128 
 9 4 15 13 8 7 5 8 10 11 12 12 13 6 9 8 17 5 15 14 24 16 15 13 22 
 4 2 9 9 3 4 3 5 8 8 6 8 7 4 5 4 10 1 9 10 10 11 10 6 10 
 5 2 6 4 5 3 2 3 2 3 6 4 6 2 4 4 7 4 6 4 14 5 5 7 12 
 0 0 0 0 0 0 0 0 0 0 0 0 0 0 0 0 0 0 0 0 0 0 0 0 0 
 1 0 0 0 0 0 0 0 1 0 0 0 0 1 0 0 0 0 0 0 0 1 0 0 0 
 0 0 0 0 0 0 0 0 0 0 0 0 0 1 0 0 0 0 0 0 0 0 0 0 0 
 1 0 0 0 0 0 0 0 1 0 0 0 0 0 0 0 0 0 0 0 0 1 0 0 0 
 0 0 0 0 0 0 0 0 0 0 0 0 0 0 0 0 0 0 0 0 0 0 0 0 0 
 17 261905 
 354 363 372 391 340 316 356 353 379 425 449 495 481 498 498 504 489 531 582 550 565 590 590 613 636 
 191 190 208 220 190 183 200 196 218 239 245 274 273 261 301 294 269 305 329 335 320 333 319 349 348 
 162 173 164 171 150 133 156 157 161 186 204 221 208 237 197 210 220 226 253 215 244 257 271 264 288 
 1 0 0 0 0 0 0 0 0 0 0 0 0 0 0 0 0 0 0 0 1 0 0 0 0 
 21 16 24 25 8 3 8 5 2 12 6 8 7 9 8 6 15 10 28 24 34 32 22 33 27 
 12 4 12 15 5 1 4 2 1 9 2 5 1 5 6 4 7 7 17 11 23 21 10 15 11 
 8 12 12 10 3 2 4 3 1 3 4 3 6 4 2 2 8 3 11 13 10 11 12 18 16 
 1 0 0 0 0 0 0 0 0 0 0 0 0 0 0 0 0 0 0 0 1 0 0 0 0 
 2 5959618 
 765 802 752 800 837 805 811 865 825 894 842 1000 910 1000 989 1115 1148 1171 1287 1309 1365 1467 1332 1394 1456 
 424 421 429 433 451 412 425 465 439 476 448 540 511 511 558 634 653 631 728 683 772 782 720 770 839 
 341 381 323 367 385 393 386 400 386 418 394 460 399 489 431 480 495 538 554 625 590 683 610 624 616 
 0 0 0 0 1 0 0 0 0 0 0 0 0 0 0 1 0 2 5 1 3 2 2 0 1 
 73 64 53 59 50 34 39 42 32 27 36 40 25 59 47 42 61 67 66 63 80 86 78 78 73 
 41 37 32 29 24 18 16 26 20 14 21 24 14 28 27 25 35 34 38 28 42 51 41 42 40 
 32 27 21 30 25 16 23 16 12 13 15 16 11 31 20 17 26 32 25 34 35 34 35 36 32 
 0 0 0 0 1 0 0 0 0 0 0 0 0 0 0 0 0 1 3 1 3 1 2 0 1 
 1 8879114 
 45 28 40 46 42 47 38 55 46 35 44 54 38 33 37 39 57 56 44 39 56 44 57 56 39 
 28 21 19 20 21 27 20 27 30 20 22 27 24 10 16 18 34 32 24 26 29 28 30 33 15 
 17 7 21 26 21 20 18 28 16 15 22 27 14 23 21 21 23 24 20 13 27 16 27 23 24 
 0 0 0 0 0 0 0 0 0 0 0 0 0 0 0 0 0 0 0 0 0 0 0 0 0 
 3 3 1 3 1 1 2 2 1 0 0 0 0 2 0 2 0 1 1 1 2 0 2 1 1 
 1 3 1 2 1 1 1 0 0 0 0 0 0 0 0 0 0 1 1 0 1 0 0 0 0 
 2 0 0 1 0 0 1 2 1 0 0 0 0 2 0 2 0 0 0 1 1 0 2 1 1 
 0 0 0 0 0 0 0 0 0 0 0 0 0 0 0 0 0 0 0 0 0 0 0 0 0 
 1 7548258 
 371 333 382 394 365 339 362 359 395 401 337 426 405 404 423 452 423 443 433 491 496 527 487 522 509 
 211 194 222 227 198 207 213 204 210 223 179 228 221 213 234 262 257 254 265 264 273 272 265 281 291 
 160 139 160 167 167 132 149 155 185 177 158 198 184 191 189 190 166 189 168 227 223 255 221 241 218 
 0 0 0 0 0 0 0 0 0 1 0 0 0 0 0 0 0 0 0 0 0 0 1 0 0 
 37 28 23 24 18 15 18 18 16 8 9 9 20 15 12 20 18 28 19 20 18 13 26 12 11 
 24 14 14 10 12 9 8 10 9 6 3 7 6 6 8 11 12 18 12 10 10 7 15 8 6 
 13 14 9 14 6 6 10 8 7 1 6 2 14 9 4 9 6 10 7 10 8 6 10 4 5 
 0 0 0 0 0 0 0 0 0 1 0 0 0 0 0 0 0 0 0 0 0 0 1 0 0 
 2 2894598 
 34 33 32 38 53 30 19 25 28 34 30 40 32 51 41 48 44 41 44 44 58 48 52 46 43 
 15 17 21 22 35 15 7 17 18 20 19 25 16 28 31 27 23 25 25 28 33 27 30 22 18 
 19 16 11 16 18 15 12 8 10 14 11 15 16 23 10 21 21 16 19 16 25 21 22 24 25 
 0 0 0 0 0 0 0 0 0 0 0 0 0 0 0 0 0 0 0 0 0 0 0 0 0 
 3 3 1 2 1 5 0 1 1 2 0 1 1 3 2 2 0 1 1 1 1 2 2 1 0 
 0 0 1 2 1 2 0 1 0 1 0 1 0 0 2 1 0 0 1 1 1 1 2 0 0 
 3 3 0 0 0 3 0 0 1 1 0 0 1 3 0 1 0 1 0 0 0 1 0 1 0 
 0 0 0 0 0 0 0 0 0 0 0 0 0 0 0 0 0 0 0 0 0 0 0 0 0 
 3 5040431 
 68 78 65 79 64 67 59 55 76 86 71 86 98 98 101 88 125 111 115 129 126 122 156 143 138 
 33 41 39 45 29 37 32 32 45 57 46 45 57 56 50 43 74 61 70 71 71 64 93 84 76 
 35 37 26 34 35 30 27 23 31 29 25 41 41 42 51 45 51 50 45 57 55 58 63 59 62 
 0 0 0 0 0 0 0 0 0 0 0 0 0 0 0 0 0 0 0 1 0 0 0 0 0 
 3 15 8 8 4 5 4 1 7 9 8 3 3 3 3 1 5 5 10 4 12 9 8 7 4 
 1 8 5 5 2 1 0 0 5 7 7 2 1 0 2 1 4 0 5 1 5 5 7 4 3 
 2 7 3 3 2 4 4 1 2 2 1 1 2 3 1 0 1 5 5 2 7 4 1 3 1 
 0 0 0 0 0 0 0 0 0 0 0 0 0 0 0 0 0 0 0 1 0 0 0 0 0 
 1 4963914 
 54 28 40 34 39 35 34 46 27 44 41 34 28 37 39 51 53 48 44 59 42 45 56 32 43 
 38 15 20 20 20 27 18 28 15 22 23 22 22 20 28 25 29 35 33 36 25 28 36 20 28 
 16 13 20 14 19 8 16 18 12 22 18 12 6 17 11 26 24 13 11 23 17 17 20 12 15 
 0 0 0 0 0 0 0 0 0 0 0 0 0 0 0 0 0 0 0 0 0 0 0 0 0 
 7 3 2 1 4 1 3 2 1 2 2 3 1 0 2 1 1 3 3 6 2 2 3 2 3 
 6 1 1 1 1 0 2 2 0 1 0 1 1 0 1 1 1 1 2 4 1 2 2 2 1 
 1 2 1 0 3 1 1 0 1 1 2 2 0 0 1 0 0 2 1 2 1 0 1 0 2 
 0 0 0 0 0 0 0 0 0 0 0 0 0 0 0 0 0 0 0 0 0 0 0 0 0 
 2 2319093 
 233 231 251 248 238 198 203 209 270 260 263 214 221 232 226 258 283 250 264 270 296 310 306 357 302 
 141 131 138 140 126 102 108 120 162 146 143 118 122 123 128 153 165 142 153 156 172 165 177 210 164 
 92 100 113 108 112 96 94 89 108 114 120 96 99 109 98 105 118 108 111 114 124 145 129 147 138 
 0 0 0 0 0 0 1 0 0 0 0 0 0 0 0 0 0 0 0 0 0 0 0 0 0 
 21 17 15 24 9 13 11 18 16 15 12 7 7 17 8 6 11 7 10 7 16 15 6 15 19 
 15 12 8 11 8 7 7 11 9 13 6 4 2 5 5 3 10 3 8 5 10 10 2 9 11 
 6 5 7 13 1 6 3 7 7 2 6 3 5 12 3 3 1 4 2 2 6 5 4 6 8 
 0 0 0 0 0 0 1 0 0 0 0 0 0 0 0 0 0 0 0 0 0 0 0 0 0 
 2 6439011 
 474 584 590 626 652 592 644 685 682 670 684 728 703 774 752 772 782 830 857 876 915 961 956 884 969 
 235 342 334 355 356 328 357 373 369 357 379 389 368 434 411 400 442 468 511 532 532 553 556 520 541 
 239 242 256 271 296 264 286 312 311 311 305 339 335 339 341 372 340 361 345 344 383 408 400 364 428 
 0 0 0 0 0 0 1 0 2 2 0 0 0 1 0 0 0 1 1 0 0 0 0 0 0 
 31 35 34 48 46 42 42 44 35 25 21 21 29 28 30 31 23 41 39 50 45 45 41 47 41 
 16 18 19 28 23 21 27 25 25 18 6 14 17 18 14 9 13 24 19 27 30 27 20 28 20 
 15 17 15 20 23 21 15 19 10 7 15 7 12 9 16 22 10 16 19 23 15 18 21 19 21 
 0 0 0 0 0 0 0 0 0 0 0 0 0 1 0 0 0 1 1 0 0 0 0 0 0 
 2 3949419 
 16 26 29 23 25 26 13 18 19 19 21 31 19 14 19 18 23 18 21 26 26 23 29 22 31 
 9 13 21 10 13 19 8 9 11 10 11 20 11 8 11 8 9 10 12 15 17 11 18 14 15 
 7 13 8 13 12 7 5 9 8 9 10 11 8 6 8 10 14 8 9 11 9 12 11 8 16 
 0 0 0 0 0 0 0 0 0 0 0 0 0 0 0 0 0 0 0 0 0 0 0 0 0 
 1 4 3 0 3 1 1 1 2 0 1 0 0 0 1 0 0 0 0 0 0 0 0 0 0 
 1 3 2 0 2 0 1 0 1 0 0 0 0 0 1 0 0 0 0 0 0 0 0 0 0 
 0 1 1 0 1 1 0 1 1 0 1 0 0 0 0 0 0 0 0 0 0 0 0 0 0 
 0 0 0 0 0 0 0 0 0 0 0 0 0 0 0 0 0 0 0 0 0 0 0 0 0 
 3 0282638 
 113 122 160 139 125 151 138 160 166 177 173 196 219 205 237 238 303 256 260 296 400 303 339 362 392 
 69 68 88 88 70 88 81 88 109 96 111 117 137 118 134 150 175 162 160 176 245 174 178 210 213 
 44 54 72 51 55 63 57 72 57 81 62 79 82 87 103 88 128 94 100 120 155 128 161 152 179 
 0 0 0 0 0 0 0 0 0 0 0 0 0 0 0 0 0 0 0 0 0 1 0 0 0 
 10 7 13 11 12 12 3 7 12 5 8 13 12 10 10 13 14 9 15 17 16 24 15 27 19 
 4 4 6 9 5 3 1 4 9 3 1 6 6 2 4 7 5 3 9 8 10 13 9 15 11 
 6 3 7 2 7 9 2 3 3 2 7 7 6 8 6 6 9 6 6 9 6 10 6 12 8 
 0 0 0 0 0 0 0 0 0 0 0 0 0 0 0 0 0 0 0 0 0 1 0 0 0 
 2 9048704 
 233 260 272 233 290 238 262 297 297 280 296 313 265 323 292 334 335 356 348 372 422 443 403 421 431 
 114 130 158 127 163 141 152 172 170 146 163 181 156 182 162 188 184 206 184 205 234 242 225 229 230 
 119 130 114 106 127 97 110 125 127 134 133 132 109 141 130 146 151 150 164 167 188 200 178 192 201 
 0 0 0 0 0 0 0 0 0 0 0 0 0 0 0 0 0 0 0 0 0 1 0 0 0 
 14 8 10 12 18 4 6 3 9 7 9 7 9 7 11 9 5 16 21 16 15 11 15 18 9 
 9 3 6 9 10 3 3 2 4 2 5 4 4 2 7 5 1 10 13 10 9 5 8 8 7 
 5 5 4 3 8 1 3 1 5 5 4 3 5 5 4 4 4 6 8 6 6 5 7 10 2 
 0 0 0 0 0 0 0 0 0 0 0 0 0 0 0 0 0 0 0 0 0 1 0 0 0 
 2 7199335 
 11 14 9 12 7 12 12 11 19 10 12 7 10 15 15 11 13 14 16 22 14 16 16 23 12 
 5 7 7 10 3 6 7 6 8 3 5 5 6 11 8 7 7 9 10 9 7 9 12 12 10 
 6 7 2 2 4 6 5 5 11 7 7 2 4 4 7 4 6 5 6 13 7 7 4 11 2 
 0 0 0 0 0 0 0 0 0 0 0 0 0 0 0 0 0 0 0 0 0 0 0 0 0 
 0 2 0 1 0 0 1 0 1 2 2 0 0 1 1 0 1 0 0 0 1 0 0 0 1 
 0 2 0 1 0 0 0 0 0 0 1 0 0 0 0 0 0 0 0 0 0 0 0 0 1 
 0 0 0 0 0 0 1 0 1 2 1 0 0 1 1 0 1 0 0 0 1 0 0 0 0 
 0 0 0 0 0 0 0 0 0 0 0 0 0 0 0 0 0 0 0 0 0 0 0 0 0 
 4 8148148 
 1729 1766 1902 1932 1966 1961 2126 2417 2467 2568 2398 2747 2630 2737 2946 3168 3387 3136 3471 3571 4002 3827 4060 4056 4170 
 1030 1012 1049 1120 1114 1127 1193 1338 1327 1396 1330 1550 1482 1494 1660 1697 1906 1740 1895 1945 2247 2083 2190 2187 2235 
 699 751 853 812 852 833 929 1076 1140 1170 1067 1196 1148 1243 1286 1471 1481 1395 1573 1625 1748 1740 1863 1867 1933 
 0 3 0 0 0 1 4 3 0 2 1 1 0 0 0 0 0 1 3 1 7 4 7 2 2 
 123 111 102 112 78 79 129 144 142 140 114 128 107 116 104 126 128 112 186 138 209 177 202 167 176 
 73 57 53 61 39 45 66 84 85 74 65 80 60 59 63 79 71 56 106 89 125 91 119 93 87 
 50 52 49 51 39 33 60 57 57 64 48 48 47 57 41 47 57 56 77 48 78 83 78 72 87 
 0 2 0 0 0 1 3 3 0 2 1 0 0 0 0 0 0 0 3 1 6 3 5 2 2 
 2 6564752 
 96 113 92 121 128 99 90 88 111 102 98 114 108 116 134 121 136 146 152 163 145 164 184 147 150 
 60 67 53 73 74 49 55 49 63 52 54 61 52 70 73 77 76 79 81 78 90 91 98 93 82 
 36 46 38 48 54 50 35 39 48 50 44 53 56 46 61 44 60 67 67 85 55 73 86 54 68 
 0 0 1 0 0 0 0 0 0 0 0 0 0 0 0 0 0 0 4 0 0 0 0 0 0 
 4 10 6 7 8 3 5 2 3 4 6 4 4 5 5 6 5 6 6 9 4 7 6 6 6 
 3 6 3 4 7 0 2 1 3 3 5 1 1 4 2 6 2 2 4 6 2 2 5 3 2 
 1 4 2 3 1 3 3 1 0 1 1 3 3 1 3 0 3 4 2 3 2 5 1 3 4 
 0 0 1 0 0 0 0 0 0 0 0 0 0 0 0 0 0 0 0 0 0 0 0 0 0 
 2 5713451 
 235 236 278 248 208 192 264 266 246 264 237 252 264 304 315 316 287 320 293 346 375 341 376 346 366 
 131 131 149 131 113 106 142 157 151 150 137 138 151 175 180 184 155 181 157 188 211 177 191 191 204 
 104 105 129 117 95 86 122 109 95 114 100 114 113 129 135 132 132 139 136 158 164 164 184 155 162 
 0 0 0 0 0 0 0 0 0 0 0 0 0 0 0 0 0 0 0 0 0 0 1 0 0 
 7 7 10 12 8 11 4 5 3 8 8 3 3 9 6 10 10 2 10 9 16 8 10 5 8 
 5 1 2 5 3 9 2 4 2 6 4 3 3 7 4 4 6 2 5 4 10 4 6 5 4 
 2 6 8 7 5 2 2 1 1 2 4 0 0 2 2 6 4 0 5 5 6 4 3 0 4 
 0 0 0 0 0 0 0 0 0 0 0 0 0 0 0 0 0 0 0 0 0 0 1 0 0 
 2 0277422 
 460 485 541 513 467 426 534 473 508 547 513 573 529 570 638 675 651 636 628 705 706 620 686 692 749 
 256 265 275 282 259 239 306 263 278 283 273 316 286 312 366 361 343 326 386 429 398 337 378 391 392 
 203 219 266 231 208 187 228 210 230 264 240 257 243 258 272 314 308 310 242 276 307 281 308 301 357 
 1 1 0 0 0 0 0 0 0 0 0 0 0 0 0 0 0 0 0 0 1 2 0 0 0 
 17 25 34 29 21 20 15 21 18 20 10 24 15 27 13 5 30 11 28 24 23 25 24 20 18 
 9 12 16 17 12 12 10 11 13 6 6 18 8 16 8 2 11 5 15 20 11 8 14 11 9 
 8 12 18 12 9 8 5 10 5 14 4 6 7 11 5 3 19 6 13 4 11 16 10 9 9 
 0 1 0 0 0 0 0 0 0 0 0 0 0 0 0 0 0 0 0 0 1 1 0 0 0 
 2 3907091 
 21 23 19 27 22 13 24 10 17 20 13 20 20 17 18 21 24 18 26 30 26 17 22 24 19 
 12 9 11 14 11 6 14 7 9 14 6 11 13 5 13 14 13 9 14 14 15 11 13 15 9 
 9 14 8 13 11 7 10 3 8 6 7 9 7 12 5 7 11 9 12 16 11 6 9 9 10 
 0 0 0 0 0 0 0 0 0 0 0 0 0 0 0 0 0 0 0 0 0 0 0 0 0 
 2 2 2 4 1 2 1 1 0 1 0 2 1 1 2 1 0 1 3 5 1 1 1 3 0 
 1 0 1 1 1 2 0 0 0 1 0 2 1 1 2 0 0 1 0 1 1 0 1 2 0 
 1 2 1 3 0 0 1 1 0 0 0 0 0 0 0 1 0 0 3 4 0 1 0 1 0 
 0 0 0 0 0 0 0 0 0 0 0 0 0 0 0 0 0 0 0 0 0 0 0 0 0 
 1 8883643 
 2405 2436 2508 2628 2650 2459 2589 2721 2747 2849 2776 3061 3085 3193 3255 3365 3740 3953 4079 3903 3788 3777 3925 3974 3999 
 1286 1265 1338 1396 1373 1327 1351 1392 1463 1474 1453 1591 1635 1661 1706 1877 2053 2332 2395 2189 2041 2042 2076 2124 2096 
 1116 1168 1169 1231 1276 1132 1238 1329 1281 1374 1323 1469 1449 1528 1549 1486 1686 1620 1680 1713 1743 1730 1845 1850 1902 
 3 3 1 1 1 0 0 0 3 1 0 1 1 4 0 2 1 1 4 1 4 5 4 0 1 
 185 173 161 153 176 130 132 167 155 140 110 126 99 155 73 91 132 104 185 188 203 163 143 143 112 
 94 92 90 81 100 81 75 91 80 74 63 69 57 81 34 52 68 53 108 108 105 84 72 70 61 
 89 79 70 71 75 49 57 76 72 66 47 56 41 70 39 37 63 50 75 79 94 74 67 73 50 
 2 2 1 1 1 0 0 0 3 0 0 1 1 4 0 2 1 1 2 1 4 5 4 0 1 
 2 1282322 
 80 122 100 91 71 83 73 80 93 98 88 127 138 97 118 120 125 132 125 130 95 104 152 125 119 
 42 75 65 67 46 54 39 43 58 59 57 86 87 57 67 62 80 74 73 72 53 66 84 66 65 
 38 47 35 24 25 29 34 37 35 39 31 41 51 40 51 58 45 58 52 58 42 38 68 59 54 
 0 0 0 0 0 0 0 0 0 0 0 0 0 0 0 0 0 0 0 0 0 0 0 0 0 
 3 4 1 3 3 4 3 2 1 0 2 0 1 9 0 2 7 3 4 5 2 2 4 2 3 
 3 1 0 2 3 3 3 1 1 0 1 0 1 8 0 1 5 2 3 3 2 1 4 1 2 
 0 3 1 1 0 1 0 1 0 0 1 0 0 1 0 1 2 1 1 2 0 1 0 1 1 
 0 0 0 0 0 0 0 0 0 0 0 0 0 0 0 0 0 0 0 0 0 0 0 0 0 
 2 4445069 
 44 35 45 56 41 48 33 34 42 43 42 42 35 55 37 43 49 49 39 53 54 46 54 55 46 
 29 26 26 37 22 28 14 21 30 32 19 21 19 26 16 24 25 27 23 35 27 24 34 25 22 
 15 9 19 19 19 20 19 13 12 11 23 21 16 29 21 19 24 22 16 18 27 22 20 30 24 
 0 0 0 0 0 0 0 0 0 0 0 0 0 0 0 0 0 0 0 0 0 0 0 0 0 
 2 2 3 1 1 4 0 2 4 1 2 1 3 1 1 4 0 3 2 3 4 1 1 0 0 
 2 1 0 0 1 3 0 1 2 1 1 1 2 1 1 2 0 2 1 2 2 1 1 0 0 
 0 1 3 1 0 1 0 1 2 0 1 0 1 0 0 2 0 1 1 1 2 0 0 0 0 
 0 0 0 0 0 0 0 0 0 0 0 0 0 0 0 0 0 0 0 0 0 0 0 0 0 
 4 2386697 
 72 61 73 79 77 56 62 74 68 72 76 77 63 98 69 74 90 94 99 91 87 102 71 94 85 
 44 27 38 46 48 25 41 36 43 39 45 35 35 58 38 42 47 49 56 46 49 57 35 56 46 
 28 34 35 33 29 31 21 38 25 33 31 42 28 40 31 32 43 45 43 45 38 45 36 38 39 
 0 0 0 0 0 0 0 0 0 0 0 0 0 0 0 0 0 0 0 0 0 0 0 0 0 
 3 6 5 4 5 4 2 4 2 2 0 3 3 4 4 6 0 2 6 2 6 3 1 7 3 
 3 3 1 3 3 3 2 3 2 0 0 1 2 3 1 4 0 1 4 2 2 2 1 5 2 
 0 3 4 1 2 1 0 1 0 2 0 2 1 1 3 2 0 1 2 0 4 1 0 2 1 
 0 0 0 0 0 0 0 0 0 0 0 0 0 0 0 0 0 0 0 0 0 0 0 0 0 
 2 207751 
 4 5 2 1 0 2 3 4 0 2 1 4 1 5 7 9 7 13 9 10 11 13 17 9 38 
 2 4 1 1 0 2 2 2 0 2 0 2 1 4 5 3 3 11 9 5 10 7 10 3 21 
 2 1 1 0 0 0 1 2 0 0 1 2 0 1 2 6 4 2 0 5 1 5 7 5 17 
 0 0 0 0 0 0 0 0 0 0 0 0 0 0 0 0 0 0 0 0 0 1 0 1 0 
 0 0 0 1 0 0 0 2 0 0 0 0 1 1 0 0 0 0 0 1 0 5 12 1 0 
 0 0 0 1 0 0 0 2 0 0 0 0 1 0 0 0 0 0 0 1 0 2 7 0 0 
 0 0 0 0 0 0 0 0 0 0 0 0 0 1 0 0 0 0 0 0 0 2 5 0 0 
 0 0 0 0 0 0 0 0 0 0 0 0 0 0 0 0 0 0 0 0 0 1 0 1 0 
