01	1556
02	1366
03	1472
04	1419
05	1358
06	1304
07	1260
08	1342
09	1247
10	1202
100055	1
100170	1
10019	1
100195	1
100199	1
100233	1
100367	1
100377	1
100407	1
100515	1
100563	1
100578	1
100585	1
100604	1
100768	1
100778	1
100936	1
100943	1
100956	1
100996	1
10105	1
101089	1
101113	1
101217	1
101238	1
101268	1
101333	1
101358	1
101365	1
101381	1
10139	1
101495	1
101496	1
101615	1
101661	1
101680	1
101682	1
101860	1
101941	1
102117	1
102256	1
102308	1
102324	1
102329	1
102343	1
102356	1
10240	1
102408	1
102424	1
102425	1
102528	1
102642	1
102717	1
102768	1
102773	1
102826	1
102894	1
10298	1
103053	1
103068	1
103099	1
103101	1
103124	1
103168	1
103169	1
103182	1
103200	1
103208	1
103249	1
103297	1
103317	1
103396	1
103429	1
103441	1
103443	1
103512	1
103527	1
103542	1
103548	1
103613	1
103638	1
103687	1
103725	1
103785	1
103814	1
103834	1
103871	1
103900	1
103912	1
104063	1
10408	1
104085	1
104117	1
104141	1
104149	1
104186	1
10423	1
104252	1
104268	1
104333	1
104350	1
104451	1
104475	1
104500	1
104538	1
104569	1
104617	1
104639	1
104653	1
104659	1
104853	1
104871	1
104954	1
105048	1
105066	1
105092	1
105200	1
105260	1
105277	1
105345	1
105403	1
105411	1
10543	1
105435	1
105452	1
105516	1
10552	1
105652	1
105669	1
105856	1
105885	1
105909	1
105941	1
105953	1
105982	1
106024	1
106065	1
106366	1
106379	1
106388	1
106507	1
106580	1
106631	1
106683	1
106688	1
106698	1
106704	1
106806	1
10684	1
106921	1
106944	1
106947	1
10697	1
107004	1
107022	1
107028	1
107056	1
107071	1
107174	1
107178	1
107196	1
107220	1
107222	1
107259	1
107571	1
107664	1
107729	1
107817	1
107836	1
107903	1
108012	1
108045	1
108068	1
108154	1
108187	1
108201	1
108204	1
108388	1
108425	1
108443	1
108510	1
10854	1
108577	1
108611	1
108618	1
108645	1
108665	1
108666	1
108697	1
108895	1
108934	1
108961	1
109022	1
109138	1
10914	1
109143	1
109162	1
109299	1
109364	1
109371	1
109402	1
109437	1
109445	1
109458	1
109459	1
109482	1
109633	1
109673	1
109715	1
109736	1
109779	1
109877	1
109889	1
11	1066
11107	1
11115	1
11177	1
11213	1
11254	1
11315	1
11325	1
11336	1
11342	1
11351	1
11456	1
11479	1
11557	1
11697	1
11754	1
11829	1
11873	1
11884	1
11926	1
12	1167
12015	1
12090	1
12117	1
12196	1
12259	1
12299	1
12364	1
12389	1
12474	1
12495	1
12550	1
12643	1
12666	1
12670	1
12712	1
12740	1
12756	1
12786	1
12788	1
12889	1
13	387
13159	1
13189	1
13206	1
13218	1
13246	1
13344	1
13357	1
13359	1
13469	1
13551	1
13591	1
13805	1
13818	1
13819	1
13822	1
13839	1
13905	1
13919	1
13940	1
13974	1
14	353
14025	1
14084	1
14109	1
14140	1
14170	1
14176	1
14214	1
14216	1
14308	1
14326	1
14386	1
14420	1
14452	1
14564	1
14576	1
14657	1
14715	1
14737	1
14758	1
14772	1
14832	1
14901	1
14916	1
15	347
15007	1
15124	1
15169	1
15200	1
15308	1
15368	1
15426	1
15436	1
15439	1
15450	1
15572	1
15596	1
15713	1
15929	1
15963	1
15972	1
15986	1
16	356
16114	1
16156	1
16166	1
16244	1
16259	1
16308	1
16564	1
16623	1
16665	1
16692	1
16772	1
16816	1
16855	1
16938	1
16960	1
16981	1
17	384
17034	1
17077	1
17116	1
17229	1
17231	1
17501	1
17551	1
17630	1
17706	1
17721	1
17740	1
17789	1
17839	1
17882	1
17883	1
17963	1
18	379
18000	1
18012	1
18087	1
18107	1
18169	1
18235	1
18270	1
18279	1
18293	1
18355	1
18510	1
18518	1
18568	1
18586	1
18707	1
18720	1
18754	1
18781	1
18819	1
18841	1
18844	1
19	383
19039	1
19056	1
19063	1
19074	1
19090	1
19116	1
19152	1
19283	1
19289	1
19405	1
19423	1
19459	1
19477	1
1952	417
1953	424
1954	444
1955	441
1956	433
1957	410
1958	430
1959	451
1960	446
1961	427
1962	420
1963	452
1964	420
1965	50
19714	1
19799	1
19810	1
19854	1
19908	1
1998	4138
1999	1514
20	372
2000	13
200007	1
200067	1
200103	1
200154	1
200159	1
200273	1
200412	1
200436	1
200477	1
200606	1
200670	1
200701	1
200723	1
200725	1
200732	1
200738	1
200746	1
200748	1
200860	1
201016	1
201075	1
201123	1
201131	1
201197	1
201236	1
201271	1
201292	1
201297	1
20131	1
201337	1
201399	1
201452	1
20151	1
201562	1
201605	1
201623	1
201667	1
201689	1
201702	1
201719	1
201741	1
201780	1
201805	1
201866	1
201945	1
201978	1
202026	1
202049	1
202076	1
202093	1
202156	1
202221	1
202354	1
202378	1
202491	1
202501	1
202563	1
202588	1
202596	1
202635	1
202678	1
202819	1
202822	1
202832	1
202939	1
203127	1
203201	1
20322	1
203220	1
203241	1
203299	1
203423	1
203435	1
203475	1
203594	1
203702	1
203745	1
203757	1
203800	1
203890	1
203921	1
203971	1
204073	1
20409	1
204118	1
204238	1
204250	1
204394	1
204438	1
204467	1
204468	1
204490	1
204550	1
204596	1
204700	1
204738	1
204761	1
204790	1
204857	1
204873	1
204879	1
204929	1
204931	1
205023	1
205048	1
205099	1
205132	1
205141	1
205186	1
205281	1
205387	1
205393	1
205474	1
205488	1
205527	1
205685	1
205688	1
205701	1
205801	1
205807	1
205884	1
205927	1
205933	1
205946	1
205967	1
206265	1
206348	1
206375	1
206393	1
206431	1
206542	1
206569	1
206585	1
206613	1
20665	1
206693	1
206696	1
206722	1
206739	1
206751	1
206755	1
206773	1
206839	1
206869	1
206877	1
206937	1
206973	1
206975	1
206978	1
207153	1
207171	1
20719	1
207206	1
207220	1
20725	1
207282	1
207402	1
207488	1
207543	1
20764	1
207805	1
207852	1
207857	1
207863	1
207918	1
20792	1
208090	1
20819	1
208225	1
208242	1
208336	1
208363	1
208464	1
208608	1
208609	1
208774	1
208911	1
208970	1
208993	1
208999	1
209037	1
209084	1
209123	1
209131	1
209231	1
209422	1
20945	1
209466	1
209479	1
209485	1
209520	1
209527	1
209538	1
209578	1
209604	1
209624	1
209646	1
209695	1
209705	1
21	356
210036	1
210072	1
210074	1
210132	1
210264	1
210279	1
210299	1
210496	1
210521	1
210535	1
210551	1
210560	1
210658	1
210699	1
21071	1
210768	1
210797	1
210820	1
210831	1
210880	1
210883	1
210957	1
210970	1
211023	1
211058	1
211066	1
211083	1
211086	1
211201	1
211221	1
211231	1
21125	1
211260	1
211320	1
211324	1
211348	1
211404	1
211557	1
211699	1
211731	1
21179	1
211819	1
211828	1
211831	1
211839	1
21188	1
211928	1
211982	1
211986	1
212013	1
212079	1
212089	1
212285	1
212467	1
212480	1
212511	1
212525	1
212572	1
212577	1
212578	1
212601	1
212616	1
212656	1
212682	1
21269	1
212713	1
212741	1
212756	1
212776	1
213202	1
213230	1
213245	1
213311	1
213314	1
213372	1
213448	1
213472	1
213486	1
213517	1
213548	1
21355	1
213599	1
213648	1
213657	1
213664	1
213665	1
213726	1
213737	1
213896	1
213994	1
214048	1
214169	1
214210	1
214288	1
21429	1
214305	1
214323	1
214399	1
21440	1
214465	1
214538	1
21455	1
214554	1
214650	1
214799	1
214972	1
215003	1
215023	1
215043	1
215083	1
215130	1
215140	1
215418	1
215434	1
215644	1
215646	1
21572	1
21574	1
215844	1
215861	1
215908	1
215931	1
215958	1
216030	1
216064	1
216258	1
216285	1
216289	1
216300	1
216322	1
216404	1
216475	1
216483	1
216537	1
216540	1
216551	1
216567	1
216679	1
216768	1
216783	1
216855	1
216888	1
216944	1
216952	1
217011	1
217110	1
217218	1
217328	1
217412	1
217454	1
217488	1
217500	1
21759	1
217637	1
217712	1
217749	1
217759	1
217777	1
21778	1
217896	1
217918	1
217951	1
217984	1
218037	1
218160	1
218204	1
218238	1
218243	1
218265	1
218284	1
218351	1
218381	1
218384	1
218440	1
218465	1
218485	1
218493	1
218530	1
218541	1
218578	1
218664	1
218688	1
218708	1
218720	1
218742	1
218751	1
218780	1
218859	1
218928	1
218968	1
218971	1
218990	1
218999	1
219076	1
219164	1
219304	1
219363	1
219514	1
219555	1
219562	1
219612	1
219675	1
219691	1
22	377
220016	1
22006	1
220091	1
220133	1
22016	1
220247	1
220364	1
220399	1
220400	1
220401	1
220415	1
220461	1
220516	1
220532	1
220550	1
220602	1
22063	1
220755	1
220768	1
220771	1
220779	1
220787	1
220818	1
220825	1
220865	1
220910	1
22094	1
220947	1
220951	1
22098	1
22105	1
221058	1
22106	1
221069	1
221197	1
221283	1
221357	1
22138	1
221438	1
221443	1
22153	1
221537	1
221549	1
221576	1
221618	1
22171	1
221750	1
221917	1
221980	1
222064	1
222080	1
222156	1
222309	1
222313	1
222336	1
222370	1
222463	1
222527	1
222561	1
222753	1
222792	1
222810	1
222883	1
222965	1
222970	1
222983	1
223026	1
223054	1
223098	1
223105	1
223235	1
223239	1
223298	1
223392	1
223416	1
223422	1
223472	1
22349	1
223512	1
223574	1
223575	1
223593	1
223704	1
223712	1
223713	1
223771	1
22378	1
223889	1
224001	1
224011	1
224135	1
224355	1
224420	1
224428	1
224435	1
224560	1
224590	1
224592	1
224632	1
224650	1
224738	1
224761	1
224826	1
224936	1
224979	1
224991	1
225066	1
22513	1
22517	1
225193	1
225237	1
225262	1
225272	1
225309	1
225341	1
225348	1
225456	1
225504	1
225604	1
225643	1
225657	1
225789	1
225867	1
225914	1
225921	1
226116	1
226148	1
226214	1
226415	1
226420	1
226584	1
226630	1
226633	1
226640	1
226644	1
226683	1
226739	1
22679	1
226825	1
226837	1
226869	1
22689	1
226892	1
22690	1
226923	1
22694	1
226961	1
227041	1
227158	1
227214	1
227222	1
227284	1
227330	1
227374	1
227544	1
22762	1
227645	1
227692	1
227899	1
227931	1
227954	1
228030	1
228031	1
228179	1
228190	1
228226	1
228236	1
22826	1
228282	1
228344	1
22836	1
22842	1
228469	1
228498	1
228543	1
22856	1
228602	1
228656	1
228688	1
22869	1
228710	1
228722	1
228724	1
228732	1
228745	1
228776	1
228926	1
228934	1
228942	1
228975	1
229044	1
229189	1
229222	1
229256	1
229274	1
229279	1
229384	1
229393	1
229411	1
229474	1
229558	1
229597	1
229703	1
229718	1
22979	1
229868	1
229889	1
229916	1
229918	1
229956	1
23	430
230036	1
230078	1
230184	1
230186	1
230225	1
230425	1
230439	1
230457	1
230516	1
230573	1
230589	1
230653	1
230773	1
230818	1
230890	1
230891	1
230911	1
230980	1
231054	1
231090	1
231091	1
231112	1
231119	1
231143	1
231145	1
23115	1
231164	1
231172	1
231245	1
231260	1
231286	1
231287	1
231345	1
231387	1
231466	1
231488	1
231489	1
231556	1
231573	1
231599	1
231721	1
231810	1
231900	1
232012	1
232065	1
232079	1
232084	1
232185	1
232224	1
232350	1
232364	1
232535	1
232576	1
232705	1
23274	1
232774	1
232797	1
23293	1
233034	1
233095	1
233105	1
233273	1
233282	1
233299	1
233304	1
233317	1
233359	1
233372	1
233393	1
233457	1
233558	1
233620	1
233697	1
233839	1
233865	1
233903	1
233999	1
234058	1
234061	1
234111	1
234123	1
234209	1
234470	1
23456	1
23459	1
234637	1
23464	1
234696	1
234705	1
234749	1
234773	1
234824	1
23488	1
235087	1
235251	1
235258	1
235312	1
235342	1
23541	1
235477	1
235612	1
23563	1
235632	1
235795	1
235988	1
236001	1
236028	1
236128	1
236214	1
23627	1
236291	1
236302	1
236306	1
23635	1
236376	1
236390	1
23647	1
236493	1
236583	1
236704	1
236723	1
236967	1
237003	1
237020	1
237051	1
237062	1
237063	1
237067	1
237173	1
237177	1
237199	1
237223	1
23725	1
23727	1
237289	1
237329	1
237336	1
237360	1
237362	1
237405	1
237432	1
237515	1
237543	1
237582	1
237595	1
237612	1
237698	1
237849	1
23786	1
23789	1
237967	1
238193	1
238215	1
238243	1
238334	1
238412	1
238415	1
238416	1
238437	1
238461	1
238478	1
238555	1
238558	1
238564	1
238568	1
238598	1
238654	1
238745	1
238778	1
238795	1
238824	1
238877	1
238914	1
238958	1
238970	1
238989	1
239041	1
239127	1
239252	1
239253	1
239279	1
239284	1
239390	1
239412	1
239510	1
239511	1
23959	1
23983	1
239929	1
239976	1
239987	1
24	362
24013	1
240151	1
240165	1
240172	1
240269	1
240349	1
24035	1
240372	1
240374	1
240430	1
240432	1
240465	1
240516	1
240537	1
240538	1
240549	1
240569	1
240585	1
240804	1
240832	1
240860	1
240864	1
240888	1
240905	1
240913	1
240959	1
24104	1
241042	1
24105	1
241060	1
241074	1
241086	1
241203	1
241220	1
241356	1
241379	1
241446	1
241509	1
241520	1
24157	1
241610	1
241726	1
241732	1
241814	1
241837	1
241865	1
241905	1
241911	1
242070	1
242080	1
242172	1
242175	1
242224	1
242288	1
242359	1
242381	1
242443	1
242523	1
242696	1
242728	1
24273	1
242763	1
242784	1
242825	1
242828	1
242840	1
242930	1
242943	1
242976	1
243061	1
24320	1
243240	1
243274	1
243317	1
243334	1
243376	1
243418	1
243445	1
243466	1
243528	1
243587	1
243609	1
243625	1
243681	1
243702	1
243857	1
243864	1
243893	1
243951	1
243971	1
244001	1
24404	1
244090	1
244145	1
244236	1
244240	1
244256	1
244266	1
244275	1
244386	1
244420	1
244422	1
244517	1
244576	1
244593	1
244632	1
244659	1
244724	1
244744	1
244868	1
244928	1
244962	1
245023	1
245029	1
245067	1
245075	1
245098	1
245109	1
245113	1
24512	1
245141	1
245146	1
245153	1
245189	1
245206	1
245230	1
24528	1
24530	1
245303	1
245332	1
24538	1
245393	1
245459	1
245492	1
245544	1
245554	1
245628	1
245753	1
245832	1
245898	1
245967	1
246024	1
246026	1
24604	1
246175	1
246218	1
246235	1
246244	1
24629	1
246390	1
246410	1
246441	1
246455	1
24652	1
246536	1
246589	1
246614	1
246641	1
246650	1
246665	1
246740	1
246761	1
246827	1
246830	1
246846	1
246869	1
246940	1
24695	1
246965	1
247043	1
247098	1
247182	1
247221	1
247348	1
247415	1
247433	1
247445	1
247573	1
247598	1
247614	1
24763	1
247658	1
247716	1
247718	1
247746	1
247755	1
247759	1
24777	1
247870	1
247983	1
248086	1
248164	1
248236	1
248308	1
248343	1
248400	1
248464	1
24851	1
248520	1
248564	1
24867	1
248672	1
248690	1
24871	1
248711	1
248808	1
248848	1
248920	1
248922	1
248958	1
24899	1
249089	1
249112	1
249115	1
249119	1
249124	1
249298	1
249305	1
24950	1
249522	1
249551	1
249658	1
249688	1
249854	1
249892	1
249908	1
249914	1
249928	1
249970	1
25	382
250012	1
250035	1
250044	1
250065	1
250067	1
250126	1
250172	1
250190	1
250197	1
250215	1
25025	1
250258	1
250452	1
250453	1
250455	1
250466	1
250468	1
250502	1
250506	1
250576	1
250596	1
250665	1
250698	1
250756	1
250777	1
250863	1
250953	1
25098	1
251122	1
251224	1
251227	1
251260	1
251277	1
251283	1
251289	1
25134	1
25135	1
251381	1
251394	1
251463	1
251517	1
25165	1
251843	1
251906	1
251949	1
251967	1
251983	1
251992	1
252039	1
252100	1
252134	1
25218	1
252212	1
252218	1
252254	1
252297	1
252300	1
252414	1
252451	1
252487	1
252492	1
252625	1
252656	1
252657	1
25294	1
252943	1
252996	1
253038	1
253108	1
253164	1
25318	1
25319	1
253242	1
253278	1
253282	1
253305	1
253412	1
253497	1
253506	1
253520	1
253560	1
253564	1
253631	1
253640	1
253674	1
253759	1
253795	1
25389	1
253974	1
253999	1
254055	1
254061	1
254066	1
254068	1
254118	1
254184	1
254285	1
254340	1
254397	1
254411	1
254447	1
254465	1
254478	1
254487	1
254588	1
254603	1
254641	1
254722	1
254738	1
254911	1
254930	1
254958	1
254960	1
255082	1
255089	1
255091	1
255162	1
255221	1
255227	1
255237	1
255295	1
255343	1
255369	1
255380	1
255452	1
255572	1
255584	1
255587	1
255622	1
255635	1
255661	1
25567	1
255699	1
255767	1
25583	1
25598	1
256010	1
256017	1
25608	1
256101	1
25611	1
25612	1
256226	1
256230	1
256377	1
256436	1
256483	1
256540	1
256549	1
256618	1
256729	1
256730	1
256802	1
256804	1
256814	1
256820	1
256861	1
256882	1
25689	1
256945	1
256967	1
256972	1
256994	1
257066	1
257070	1
257121	1
257149	1
257210	1
257310	1
257462	1
257524	1
257568	1
257593	1
257691	1
257738	1
257894	1
257950	1
258093	1
258106	1
258115	1
258150	1
258160	1
258208	1
258320	1
258323	1
258367	1
258403	1
258406	1
258449	1
258467	1
258509	1
25854	1
258573	1
258601	1
258619	1
258701	1
258887	1
258954	1
259064	1
259141	1
259156	1
259186	1
259195	1
259222	1
259234	1
259267	1
259288	1
259472	1
259484	1
259495	1
259588	1
259638	1
259653	1
259729	1
259836	1
259927	1
26	378
260052	1
26013	1
260204	1
260237	1
260279	1
260340	1
260428	1
260480	1
260528	1
260539	1
260610	1
260743	1
260780	1
260811	1
260892	1
260898	1
260908	1
260919	1
260950	1
261038	1
26104	1
261066	1
261124	1
261134	1
261250	1
261323	1
261388	1
261400	1
261430	1
261434	1
261483	1
261508	1
261605	1
261631	1
261647	1
261658	1
261706	1
261770	1
261787	1
261898	1
261938	1
26208	1
262140	1
262152	1
26219	1
262338	1
262490	1
262584	1
262593	1
262628	1
262642	1
262797	1
262820	1
26298	1
263114	1
263135	1
26340	1
263488	1
26353	1
263570	1
263593	1
263597	1
263631	1
263637	1
263688	1
263721	1
263873	1
263889	1
26390	1
263994	1
264073	1
264103	1
264145	1
264221	1
264237	1
264276	1
264341	1
264359	1
264378	1
264391	1
264509	1
264517	1
264521	1
26466	1
264815	1
264883	1
264910	1
264942	1
265057	1
265069	1
265125	1
265239	1
26525	1
265347	1
265438	1
265475	1
265493	1
265534	1
265636	1
265641	1
265758	1
265832	1
265949	1
265996	1
266050	1
266077	1
266157	1
266365	1
26638	1
266387	1
266435	1
266459	1
266495	1
266551	1
266556	1
266569	1
26659	1
266943	1
267005	1
267009	1
267108	1
267140	1
267153	1
267207	1
267286	1
267364	1
267394	1
267437	1
267461	1
267487	1
267514	1
26754	1
267557	1
267652	1
267812	1
267824	1
267875	1
267917	1
267965	1
267999	1
268000	1
268124	1
268237	1
268260	1
26827	1
268384	1
268451	1
268464	1
268555	1
268571	1
268718	1
268804	1
269134	1
26914	1
269172	1
269317	1
269382	1
269413	1
269450	1
269575	1
269608	1
269694	1
269738	1
269840	1
269870	1
269906	1
26998	1
27	367
270345	1
270377	1
270433	1
270466	1
270549	1
270570	1
27058	1
270588	1
270589	1
27078	1
270817	1
270930	1
270935	1
270991	1
271003	1
271080	1
271091	1
271105	1
271108	1
271171	1
271289	1
27132	1
271346	1
271379	1
27140	1
271431	1
271435	1
271509	1
271664	1
271686	1
271747	1
271768	1
271912	1
271931	1
271932	1
271954	1
272017	1
272115	1
272152	1
272237	1
272303	1
272382	1
272398	1
272475	1
272503	1
272519	1
272580	1
272598	1
272679	1
272799	1
272807	1
272879	1
272928	1
273097	1
273162	1
273203	1
273241	1
273285	1
273290	1
273345	1
273351	1
273410	1
273558	1
273613	1
273661	1
273699	1
273706	1
273708	1
273764	1
27378	1
273811	1
273907	1
274012	1
274027	1
274031	1
274033	1
274036	1
27407	1
274091	1
274225	1
274303	1
274306	1
274316	1
274353	1
274370	1
274477	1
274481	1
274497	1
274556	1
274648	1
274650	1
274698	1
274721	1
274758	1
274776	1
274794	1
274892	1
274908	1
274970	1
275006	1
275016	1
275091	1
275133	1
275146	1
275240	1
275271	1
275348	1
275412	1
275433	1
275532	1
275537	1
275546	1
275650	1
275682	1
275834	1
275836	1
275909	1
275949	1
275974	1
276065	1
276123	1
276129	1
276174	1
276207	1
276210	1
276232	1
276261	1
276291	1
276309	1
276357	1
276388	1
276511	1
276528	1
276537	1
276571	1
276643	1
276711	1
276758	1
276805	1
276812	1
276849	1
276864	1
276922	1
276966	1
276999	1
277016	1
277034	1
277035	1
277055	1
27715	1
277188	1
27725	1
277277	1
277324	1
277452	1
277477	1
277528	1
277551	1
277558	1
277700	1
277721	1
277786	1
277807	1
277904	1
277993	1
278082	1
278125	1
278340	1
278374	1
278436	1
278449	1
278458	1
278475	1
27850	1
278511	1
278578	1
27872	1
27879	1
278794	1
278864	1
278994	1
279015	1
279026	1
279040	1
279123	1
279146	1
27922	1
279337	1
27934	1
279391	1
279492	1
279602	1
279627	1
279641	1
279653	1
279659	1
279692	1
279752	1
279925	1
28	390
280011	1
280149	1
280176	1
280184	1
280230	1
280240	1
280268	1
28031	1
280314	1
28033	1
280337	1
28038	1
280392	1
280633	1
280680	1
280781	1
280791	1
280802	1
28083	1
280859	1
28106	1
281087	1
281111	1
281119	1
281343	1
281356	1
281399	1
281412	1
281445	1
281450	1
28151	1
281607	1
281627	1
281640	1
281659	1
281676	1
281677	1
281766	1
281777	1
281959	1
282011	1
282038	1
282041	1
282101	1
282117	1
282140	1
282146	1
282279	1
282282	1
282304	1
282369	1
282503	1
282524	1
282579	1
282652	1
282818	1
282827	1
282925	1
282978	1
283038	1
283067	1
283104	1
283206	1
283272	1
283275	1
283278	1
283572	1
283608	1
283609	1
283613	1
283778	1
283812	1
283860	1
283955	1
283983	1
284004	1
284016	1
284036	1
284137	1
284171	1
284193	1
284213	1
284344	1
28435	1
284371	1
284389	1
284416	1
284489	1
28450	1
284518	1
28455	1
284566	1
284645	1
284733	1
284760	1
284820	1
284892	1
284949	1
28496	1
28498	1
28499	1
28500	1
285006	1
285012	1
285022	1
285047	1
285114	1
285190	1
285208	1
285257	1
285275	1
28531	1
285333	1
285413	1
285440	1
285463	1
285483	1
285495	1
285556	1
285587	1
28561	1
285626	1
285658	1
285695	1
285771	1
285791	1
285795	1
28580	1
285826	1
28585	1
285883	1
285898	1
285908	1
285974	1
286115	1
286139	1
28614	1
286213	1
286263	1
28638	1
286397	1
286408	1
286443	1
286501	1
286655	1
28670	1
286738	1
286779	1
286797	1
286837	1
286869	1
286879	1
286882	1
287060	1
287095	1
287188	1
287263	1
28736	1
287376	1
287407	1
287408	1
287532	1
287580	1
287597	1
287655	1
287707	1
287710	1
287719	1
287729	1
287754	1
287755	1
287902	1
287921	1
287924	1
287927	1
288066	1
288108	1
288109	1
288152	1
288236	1
288264	1
288269	1
288275	1
288409	1
288465	1
288471	1
288494	1
288535	1
288633	1
288692	1
288759	1
288782	1
288852	1
288921	1
288970	1
289106	1
289129	1
289206	1
289227	1
28926	1
289272	1
289331	1
289372	1
289420	1
289498	1
28951	1
289539	1
289559	1
28961	1
289639	1
289658	1
289659	1
289662	1
289681	1
289766	1
289803	1
289827	1
28988	1
289893	1
289963	1
29	339
290003	1
290032	1
290056	1
29007	1
290073	1
290115	1
290116	1
290143	1
290204	1
290218	1
290235	1
290269	1
290303	1
290305	1
290389	1
290438	1
290473	1
290506	1
290531	1
290559	1
290604	1
290624	1
290719	1
290730	1
29075	1
290756	1
290769	1
290781	1
290863	1
290868	1
290970	1
291012	1
291257	1
291263	1
291267	1
291296	1
291441	1
29145	1
291501	1
291515	1
291615	1
291821	1
291862	1
291879	1
29205	1
292052	1
292069	1
29212	1
292158	1
292191	1
292220	1
292231	1
292260	1
292268	1
292285	1
292297	1
292302	1
292406	1
292490	1
292639	1
292690	1
292805	1
292808	1
292827	1
292830	1
292836	1
292853	1
29290	1
292913	1
292920	1
293005	1
293069	1
293254	1
293260	1
293406	1
293408	1
293454	1
293610	1
29375	1
293780	1
293782	1
293799	1
29380	1
293872	1
293887	1
293960	1
294003	1
294246	1
294293	1
294298	1
294320	1
294328	1
294331	1
294359	1
294365	1
294391	1
294415	1
294513	1
29452	1
29462	1
294643	1
294713	1
29473	1
294732	1
29474	1
294796	1
294827	1
294831	1
294841	1
295207	1
295237	1
29534	1
295425	1
295569	1
295595	1
295614	1
295641	1
295649	1
295674	1
295702	1
295725	1
295878	1
295889	1
295890	1
295891	1
295965	1
296014	1
296057	1
29613	1
296179	1
296263	1
296287	1
296292	1
296350	1
296372	1
29641	1
296507	1
296584	1
296612	1
296665	1
296771	1
296778	1
296861	1
296899	1
29691	1
296922	1
296974	1
297012	1
297087	1
297139	1
297141	1
297142	1
297214	1
297225	1
297226	1
29723	1
297236	1
297299	1
297396	1
297581	1
297688	1
297806	1
297816	1
297836	1
297853	1
297865	1
297913	1
297941	1
297943	1
297984	1
29803	1
298106	1
298126	1
298219	1
298244	1
298246	1
298326	1
298360	1
298367	1
298433	1
298441	1
298456	1
298499	1
298667	1
298703	1
298746	1
298773	1
298884	1
298998	1
299092	1
299118	1
29914	1
299179	1
299320	1
299328	1
299341	1
299345	1
299411	1
299414	1
299446	1
299483	1
299561	1
299627	1
299659	1
29968	1
299754	1
299983	1
299997	1
30	352
30002	1
30006	1
30049	1
30120	1
30243	1
30291	1
30414	1
30456	1
30514	1
30608	1
30695	1
30784	1
30806	1
30826	1
30840	1
30841	1
30889	1
30896	1
30961	1
30989	1
31	207
31045	1
31102	1
31121	1
31229	1
31278	1
31361	1
31418	1
31421	1
31479	1
31576	1
31618	1
31721	1
31843	1
31853	1
31930	1
31949	1
31990	1
32148	1
32173	1
32198	1
32356	1
32498	1
32504	1
32532	1
32545	1
32548	1
32575	1
32630	1
32691	1
32715	1
32729	1
32788	1
32800	1
32812	1
32937	1
32983	1
33068	1
33105	1
33131	1
33214	1
33277	1
33359	1
33363	1
33389	1
33480	1
33534	1
33545	1
33615	1
33622	1
33639	1
33689	1
33865	1
33889	1
33900	1
33936	1
33939	1
33940	1
33960	1
33968	1
33974	1
33979	1
34020	1
34035	1
34131	1
34235	1
34251	1
34359	1
34415	1
34457	1
34504	1
34513	1
34539	1
34659	1
34666	1
34702	1
34739	1
34782	1
34832	1
34841	1
34971	1
35002	1
35030	1
35108	1
35128	1
35176	1
35204	1
35302	1
35308	1
35384	1
35388	1
35396	1
35403	1
35412	1
35505	1
35527	1
35590	1
35593	1
35600	1
35616	1
35771	1
35813	1
35822	1
35976	1
35992	1
36084	1
36089	1
36188	1
36249	1
36264	1
36276	1
36285	1
36307	1
36325	1
36381	1
36383	1
36388	1
36426	1
36544	1
36608	1
36628	1
36682	1
36844	1
36884	1
36969	1
37047	1
37134	1
37158	1
37211	1
37326	1
37327	1
37342	1
37403	1
37483	1
37799	1
37946	1
37976	1
38036	1
38089	1
38134	1
38208	1
38228	1
38229	1
38282	1
38298	1
38341	1
38350	1
38396	1
38444	1
38504	1
38659	1
38661	1
38817	1
38864	1
38866	1
39104	1
39225	1
39306	1
39359	1
39440	1
39459	1
39509	1
39557	1
39715	1
39843	1
39950	1
400044	1
400077	1
400140	1
40033	1
400389	1
400390	1
400404	1
400417	1
400428	1
400477	1
40054	1
400620	1
400673	1
400741	1
40075	1
400846	1
400904	1
401036	1
401113	1
401115	1
40120	1
401361	1
401362	1
401367	1
401492	1
40158	1
401600	1
401685	1
401757	1
401788	1
401941	1
402076	1
402079	1
402149	1
402171	1
402204	1
402229	1
402403	1
402457	1
402460	1
402483	1
402531	1
402555	1
402563	1
402636	1
402644	1
402656	1
40275	1
402850	1
402918	1
402944	1
403030	1
403040	1
403070	1
403086	1
403101	1
403190	1
403261	1
403319	1
403335	1
403412	1
403438	1
40346	1
40352	1
403538	1
403545	1
403555	1
403650	1
403705	1
403742	1
403846	1
403850	1
40394	1
403977	1
404001	1
40415	1
404161	1
404317	1
404391	1
404426	1
404537	1
404587	1
404589	1
404592	1
404629	1
404630	1
404635	1
404775	1
404831	1
404835	1
404847	1
404891	1
404919	1
404976	1
405086	1
40521	1
405210	1
405220	1
405251	1
405341	1
405488	1
405575	1
405620	1
405637	1
40564	1
405640	1
405789	1
405927	1
405928	1
406039	1
406265	1
406323	1
406339	1
406400	1
406438	1
406463	1
406528	1
406538	1
406616	1
406676	1
406693	1
40670	1
406704	1
406721	1
406742	1
406782	1
406847	1
406940	1
406946	1
406983	1
407022	1
407025	1
407088	1
407093	1
407096	1
407109	1
407117	1
407182	1
407275	1
407283	1
407291	1
407363	1
407373	1
407450	1
407458	1
407477	1
40752	1
40758	1
407616	1
407764	1
407832	1
407845	1
40785	1
407873	1
407903	1
40793	1
407969	1
408117	1
408311	1
408329	1
408353	1
408473	1
408516	1
40852	1
408530	1
408599	1
408659	1
408698	1
408738	1
408741	1
408782	1
408788	1
408799	1
408840	1
408908	1
40896	1
408981	1
409000	1
409027	1
409083	1
409113	1
409143	1
409208	1
409370	1
409395	1
40957	1
409570	1
409589	1
409634	1
409651	1
409672	1
40968	1
409695	1
40970	1
409778	1
409890	1
409905	1
409938	1
409957	1
409971	1
410017	1
410127	1
410197	1
410273	1
410280	1
410336	1
410377	1
410417	1
410425	1
410437	1
410463	1
410780	1
410797	1
410849	1
410855	1
410864	1
410939	1
410988	1
411209	1
411247	1
411338	1
41152	1
411532	1
411569	1
411668	1
411691	1
411744	1
411781	1
411825	1
411845	1
411894	1
411942	1
411980	1
411991	1
412092	1
412127	1
412149	1
412153	1
412194	1
412207	1
412228	1
412253	1
412266	1
412309	1
412337	1
412352	1
412364	1
412366	1
412616	1
412645	1
412679	1
412746	1
412757	1
412861	1
412863	1
412913	1
412929	1
412935	1
413063	1
413092	1
413139	1
41316	1
413164	1
413342	1
413363	1
413446	1
413474	1
413518	1
413547	1
413553	1
41377	1
413857	1
413863	1
413924	1
413958	1
413959	1
414015	1
414061	1
414239	1
414384	1
414444	1
414458	1
414629	1
414814	1
41483	1
414846	1
414855	1
414875	1
415115	1
41518	1
415297	1
415300	1
415311	1
415369	1
415397	1
415492	1
415614	1
415745	1
415753	1
415793	1
415825	1
415841	1
415917	1
415952	1
416030	1
416117	1
416175	1
41625	1
416352	1
416422	1
416515	1
416574	1
41658	1
416621	1
416648	1
416679	1
416697	1
41671	1
416800	1
416828	1
416884	1
416910	1
416935	1
416987	1
417006	1
417030	1
417154	1
417258	1
417281	1
417369	1
417434	1
417489	1
417524	1
417529	1
417535	1
417650	1
417734	1
417744	1
41777	1
417772	1
41778	1
417838	1
41787	1
417870	1
417871	1
417947	1
418049	1
41805	1
418088	1
41815	1
418156	1
418184	1
418213	1
418223	1
418340	1
418406	1
418420	1
418445	1
418487	1
418598	1
418641	1
41867	1
418691	1
418744	1
418787	1
41879	1
418800	1
418937	1
418945	1
418951	1
419074	1
419076	1
419110	1
419131	1
419156	1
419301	1
419308	1
419366	1
419373	1
419395	1
419426	1
419430	1
419517	1
419637	1
419672	1
419688	1
419758	1
419852	1
419859	1
419940	1
419965	1
419981	1
420065	1
420108	1
420148	1
420191	1
420198	1
420266	1
420269	1
42034	1
420370	1
420442	1
420513	1
420524	1
420548	1
420574	1
420619	1
420629	1
420635	1
420681	1
420689	1
420746	1
420920	1
420926	1
420936	1
420984	1
421001	1
421019	1
421127	1
421131	1
421466	1
421553	1
421639	1
421746	1
421845	1
421863	1
421864	1
421974	1
422034	1
422045	1
422064	1
422082	1
422096	1
422117	1
422127	1
422130	1
42215	1
422159	1
422197	1
422225	1
422294	1
422335	1
422407	1
42244	1
422490	1
422491	1
422524	1
422612	1
422640	1
422721	1
422745	1
422845	1
422887	1
422897	1
42292	1
422981	1
422990	1
423087	1
423139	1
423183	1
423203	1
423225	1
423229	1
42330	1
423360	1
423361	1
423458	1
423524	1
42359	1
423688	1
423718	1
423770	1
423866	1
423870	1
423908	1
423911	1
423965	1
423999	1
424022	1
424026	1
424039	1
424147	1
424194	1
424198	1
424211	1
424212	1
424213	1
424241	1
424339	1
424374	1
424445	1
424446	1
424457	1
424476	1
424505	1
424585	1
424618	1
424650	1
424690	1
424720	1
424731	1
42474	1
424818	1
424823	1
424888	1
424891	1
424967	1
425055	1
425059	1
425070	1
425096	1
425146	1
425159	1
425162	1
42530	1
425317	1
425407	1
425429	1
425455	1
425568	1
42557	1
425581	1
425650	1
425671	1
42568	1
425684	1
425695	1
42571	1
425765	1
425825	1
425840	1
425938	1
426001	1
42601	1
426040	1
426156	1
426205	1
426213	1
426218	1
426232	1
426306	1
426308	1
426359	1
426373	1
426387	1
426397	1
426463	1
426473	1
426493	1
426577	1
426621	1
426689	1
42672	1
426803	1
426932	1
426940	1
426942	1
426975	1
427103	1
427126	1
427186	1
427292	1
427320	1
427357	1
427478	1
427629	1
427642	1
42766	1
427670	1
427689	1
427717	1
427728	1
427757	1
427773	1
427806	1
427823	1
427825	1
427925	1
427961	1
427969	1
427984	1
428029	1
428035	1
428084	1
428088	1
428184	1
42827	1
428377	1
428539	1
42855	1
428551	1
428683	1
428756	1
428790	1
42884	1
428841	1
428900	1
428944	1
428962	1
428986	1
428996	1
429064	1
429073	1
429083	1
429149	1
429150	1
429259	1
429293	1
429308	1
429313	1
429352	1
429357	1
429376	1
429384	1
429396	1
429424	1
429433	1
429451	1
429501	1
429523	1
429553	1
429566	1
429632	1
429637	1
429650	1
429705	1
429777	1
429794	1
42983	1
429882	1
429942	1
429950	1
430027	1
430036	1
430066	1
430225	1
430234	1
430270	1
430340	1
430351	1
430569	1
430635	1
430667	1
430686	1
430725	1
430798	1
430870	1
431066	1
431079	1
431116	1
431117	1
431131	1
431135	1
431144	1
43120	1
431296	1
431319	1
431370	1
431409	1
431418	1
431457	1
431462	1
431490	1
431575	1
431619	1
431625	1
43169	1
431720	1
431762	1
431937	1
43199	1
432057	1
432058	1
432084	1
432205	1
432219	1
432278	1
432325	1
43236	1
432376	1
432467	1
43250	1
432690	1
432709	1
432720	1
432739	1
432740	1
432744	1
432808	1
43286	1
432912	1
432913	1
432997	1
433006	1
433041	1
433089	1
433099	1
433103	1
43320	1
433200	1
433297	1
433324	1
433393	1
433707	1
433820	1
433956	1
434130	1
43419	1
434196	1
434201	1
434203	1
434293	1
434296	1
434302	1
43434	1
434357	1
434388	1
434439	1
434467	1
43451	1
434582	1
434645	1
434646	1
434815	1
434816	1
435031	1
435079	1
435082	1
435161	1
435197	1
435230	1
435294	1
435392	1
435416	1
435431	1
435498	1
435597	1
435620	1
435634	1
435647	1
435651	1
435748	1
435749	1
435826	1
435837	1
435840	1
435849	1
435870	1
435876	1
435942	1
436035	1
436110	1
436160	1
436189	1
436214	1
436415	1
436563	1
436756	1
436802	1
43687	1
436900	1
436976	1
437011	1
437026	1
437036	1
437187	1
437273	1
437312	1
437341	1
43738	1
437406	1
437460	1
437496	1
437525	1
437598	1
437657	1
437674	1
437687	1
437729	1
43774	1
437831	1
437847	1
437991	1
438024	1
438116	1
438186	1
438200	1
438395	1
438447	1
438494	1
438556	1
438574	1
438622	1
438702	1
438715	1
438754	1
438759	1
438777	1
438793	1
438815	1
438960	1
438976	1
438988	1
439049	1
439111	1
439324	1
439326	1
439327	1
439333	1
439352	1
439360	1
439407	1
439479	1
439769	1
439811	1
439816	1
439897	1
439925	1
439994	1
440001	1
440096	1
440124	1
440197	1
440199	1
440448	1
440457	1
440497	1
440521	1
440618	1
440619	1
440678	1
440817	1
440828	1
440849	1
440875	1
440889	1
440897	1
440978	1
440993	1
441045	1
441133	1
441172	1
441183	1
441296	1
441410	1
441455	1
441556	1
441606	1
441634	1
441707	1
441713	1
441722	1
441793	1
441807	1
441815	1
441834	1
441870	1
441978	1
442023	1
442025	1
442027	1
44208	1
442174	1
442209	1
442215	1
44222	1
442255	1
442276	1
442298	1
442322	1
442355	1
442399	1
442440	1
442451	1
442479	1
442492	1
442509	1
442609	1
442645	1
44269	1
442707	1
442727	1
442732	1
442739	1
44277	1
442814	1
443085	1
443088	1
443163	1
443174	1
443214	1
443282	1
443302	1
443315	1
443335	1
443391	1
443392	1
443468	1
443516	1
443559	1
443610	1
443721	1
443727	1
443745	1
443781	1
443855	1
443857	1
44391	1
443934	1
44402	1
444138	1
44422	1
444288	1
44431	1
444318	1
444343	1
444352	1
444397	1
444399	1
444424	1
444442	1
444471	1
444557	1
444564	1
444571	1
444623	1
444709	1
444766	1
444769	1
444806	1
444816	1
444824	1
444967	1
444968	1
44503	1
445120	1
445133	1
445141	1
445280	1
445384	1
445468	1
445532	1
445533	1
445535	1
445687	1
445705	1
445766	1
445801	1
445849	1
445853	1
44588	1
445903	1
445916	1
445977	1
446012	1
446022	1
446058	1
446086	1
446107	1
446150	1
446153	1
446186	1
446239	1
446252	1
446295	1
44638	1
446572	1
446586	1
446592	1
446927	1
446987	1
446995	1
447027	1
447093	1
447179	1
44723	1
447262	1
447296	1
447331	1
447414	1
447461	1
447498	1
447515	1
447523	1
447600	1
447673	1
447716	1
447772	1
447842	1
448002	1
448042	1
448067	1
448150	1
448182	1
44822	1
448256	1
44826	1
448344	1
448348	1
448368	1
448377	1
448522	1
448544	1
448556	1
448564	1
448828	1
448845	1
448897	1
448917	1
448975	1
44906	1
449126	1
449179	1
449183	1
449209	1
449214	1
449221	1
449236	1
449312	1
449348	1
449361	1
449422	1
449446	1
449463	1
449481	1
449519	1
449531	1
449543	1
449550	1
449635	1
449720	1
449848	1
449900	1
449910	1
449924	1
450023	1
450067	1
450075	1
450090	1
450151	1
45025	1
450343	1
450503	1
450560	1
450627	1
450736	1
450785	1
450795	1
450797	1
450816	1
450867	1
450925	1
450930	1
450977	1
451067	1
451102	1
451123	1
451161	1
451269	1
451344	1
451367	1
451368	1
451391	1
451501	1
451581	1
451609	1
451628	1
451644	1
451690	1
451706	1
451708	1
451723	1
451753	1
451769	1
451778	1
451803	1
45184	1
451868	1
451884	1
451900	1
451905	1
451998	1
452122	1
45220	1
452247	1
452319	1
45238	1
452414	1
452463	1
45253	1
452540	1
452560	1
452607	1
452652	1
452714	1
452781	1
452812	1
452881	1
452885	1
452965	1
452973	1
452996	1
45325	1
453258	1
453324	1
453333	1
453366	1
453383	1
453463	1
45348	1
453539	1
453588	1
45361	1
453619	1
453677	1
453699	1
453715	1
453784	1
453820	1
453861	1
453865	1
453879	1
453965	1
453980	1
454002	1
454023	1
454180	1
454295	1
454358	1
454385	1
454393	1
454518	1
45461	1
454616	1
454704	1
454746	1
454747	1
454866	1
454940	1
45495	1
454981	1
454985	1
454988	1
45500	1
455036	1
455083	1
455113	1
455126	1
455181	1
45522	1
455252	1
455384	1
455408	1
455607	1
455628	1
455638	1
455681	1
455711	1
455781	1
455877	1
455952	1
455954	1
456057	1
456217	1
456249	1
456283	1
456307	1
456332	1
456346	1
456360	1
456403	1
456413	1
456463	1
456510	1
456594	1
456707	1
456847	1
456925	1
457018	1
457056	1
457130	1
457140	1
457142	1
457179	1
457183	1
457203	1
457264	1
457348	1
457350	1
457368	1
457403	1
457465	1
457621	1
457642	1
45766	1
457724	1
457797	1
457822	1
457868	1
457892	1
457946	1
457999	1
458070	1
458109	1
458174	1
458220	1
458224	1
458249	1
458277	1
458284	1
458294	1
45848	1
458578	1
458672	1
45870	1
458713	1
458717	1
45874	1
458744	1
458791	1
458796	1
458811	1
458814	1
458910	1
458938	1
459011	1
459107	1
459166	1
459238	1
459293	1
459300	1
45931	1
459346	1
459410	1
459418	1
45949	1
459499	1
459505	1
459527	1
459892	1
459909	1
459915	1
459929	1
459960	1
459995	1
459997	1
460003	1
460399	1
460406	1
460408	1
46044	1
460449	1
460486	1
460559	1
460565	1
460582	1
460690	1
460701	1
460714	1
460802	1
46094	1
460994	1
461047	1
461050	1
461051	1
461115	1
461116	1
461211	1
461222	1
461315	1
461376	1
461396	1
461397	1
461455	1
461492	1
461496	1
461552	1
46165	1
461664	1
461725	1
461798	1
461853	1
461857	1
461893	1
461938	1
461978	1
462050	1
462276	1
462367	1
46237	1
462397	1
46240	1
462542	1
462558	1
462637	1
462660	1
46273	1
462811	1
462830	1
462905	1
463038	1
463163	1
463168	1
46321	1
46329	1
463366	1
46337	1
463371	1
46338	1
463382	1
463440	1
463490	1
46350	1
463538	1
46361	1
463640	1
46368	1
463702	1
463711	1
463807	1
463810	1
463828	1
463860	1
463965	1
464028	1
464067	1
464130	1
464134	1
464191	1
464217	1
46422	1
464265	1
464271	1
464298	1
464313	1
464323	1
464335	1
464421	1
464461	1
464467	1
464581	1
464638	1
464677	1
464690	1
464771	1
464788	1
464851	1
46489	1
465224	1
465242	1
465382	1
465412	1
465436	1
465528	1
465531	1
465559	1
465575	1
465592	1
465600	1
465639	1
46570	1
465734	1
465968	1
465972	1
465995	1
466031	1
466038	1
46608	1
46612	1
466162	1
466204	1
466371	1
466383	1
466393	1
466409	1
466427	1
466432	1
466485	1
466562	1
466592	1
466708	1
466761	1
466957	1
467000	1
467014	1
467021	1
467085	1
46719	1
467212	1
467216	1
467286	1
467336	1
46734	1
467353	1
467442	1
467562	1
46762	1
467723	1
467750	1
467793	1
467839	1
46785	1
467853	1
467863	1
467888	1
467907	1
467919	1
467940	1
468015	1
468036	1
468065	1
468081	1
468098	1
468104	1
468164	1
468168	1
468176	1
468218	1
468242	1
468375	1
468389	1
468415	1
468443	1
468571	1
468649	1
468676	1
468745	1
468787	1
468823	1
468892	1
468951	1
468975	1
469016	1
469045	1
469067	1
469086	1
469136	1
469163	1
46932	1
469361	1
469387	1
469448	1
469501	1
469544	1
469545	1
469587	1
469601	1
46961	1
469689	1
469747	1
469797	1
469843	1
469863	1
469891	1
469902	1
469924	1
469953	1
46997	1
469979	1
470026	1
470171	1
470178	1
470186	1
470222	1
470233	1
470252	1
470280	1
470285	1
470286	1
470302	1
470308	1
470374	1
470450	1
47060	1
470618	1
47064	1
47071	1
470945	1
47096	1
47097	1
471070	1
471071	1
471088	1
471146	1
471194	1
471202	1
471208	1
471211	1
47124	1
471273	1
471468	1
471522	1
471551	1
471564	1
471590	1
471628	1
47171	1
471722	1
471738	1
471834	1
471926	1
471939	1
472152	1
472156	1
472213	1
472260	1
472266	1
472372	1
472383	1
472442	1
472448	1
472464	1
472619	1
472625	1
472673	1
472724	1
472749	1
47278	1
472782	1
472851	1
472902	1
47291	1
472972	1
472995	1
472998	1
473120	1
473127	1
473139	1
473218	1
473243	1
473276	1
473374	1
473385	1
473504	1
473523	1
47359	1
47377	1
473788	1
473900	1
473904	1
473922	1
473959	1
474015	1
474032	1
474042	1
474118	1
474162	1
474198	1
474217	1
47422	1
474222	1
474269	1
474373	1
474499	1
474509	1
474522	1
47464	1
474672	1
47468	1
474680	1
474705	1
474761	1
474774	1
474870	1
474874	1
475030	1
475043	1
475059	1
475115	1
475203	1
475231	1
475245	1
475267	1
475590	1
475601	1
475638	1
475644	1
47574	1
475759	1
475785	1
475828	1
475893	1
475904	1
475926	1
47605	1
476065	1
47607	1
476073	1
476149	1
476338	1
476352	1
476357	1
476430	1
476523	1
476554	1
476635	1
476649	1
476683	1
47672	1
476802	1
476841	1
476869	1
476886	1
47693	1
477020	1
477051	1
477080	1
477082	1
477136	1
47722	1
477225	1
477230	1
477285	1
477289	1
477296	1
477350	1
477391	1
477420	1
477492	1
477512	1
477524	1
47760	1
477627	1
477635	1
477651	1
477723	1
477730	1
477759	1
477815	1
477844	1
477910	1
477994	1
477998	1
478031	1
478044	1
478099	1
478149	1
478289	1
478291	1
478305	1
478367	1
478482	1
47851	1
478526	1
478583	1
478657	1
478709	1
478721	1
478746	1
478777	1
478787	1
478853	1
478910	1
478984	1
479031	1
479043	1
479184	1
479256	1
479285	1
479326	1
479378	1
479400	1
479411	1
479445	1
479468	1
479535	1
479567	1
479602	1
479647	1
479774	1
479799	1
479811	1
479991	1
480002	1
480076	1
480092	1
480181	1
480212	1
48022	1
480277	1
480449	1
480455	1
480488	1
480516	1
480602	1
480608	1
480638	1
480700	1
480721	1
480833	1
480838	1
480885	1
480917	1
481102	1
481115	1
481262	1
48128	1
481281	1
481282	1
481303	1
481329	1
481399	1
48150	1
48155	1
481663	1
481673	1
48170	1
481770	1
48178	1
481888	1
481901	1
482054	1
482059	1
482106	1
482179	1
482203	1
482240	1
482259	1
482287	1
482372	1
482395	1
482401	1
482433	1
482437	1
482536	1
482538	1
482567	1
482586	1
482669	1
482684	1
482727	1
482757	1
482999	1
48318	1
48321	1
483478	1
48349	1
483511	1
483569	1
48358	1
483693	1
483699	1
483748	1
483817	1
483911	1
483941	1
483961	1
484031	1
484072	1
484094	1
484116	1
484219	1
484229	1
484254	1
484255	1
484273	1
484303	1
484367	1
484433	1
484573	1
484695	1
484740	1
484779	1
48478	1
484850	1
484908	1
484973	1
485018	1
485082	1
485100	1
485200	1
485231	1
485255	1
48528	1
485364	1
48545	1
48548	1
485527	1
48555	1
485588	1
485600	1
485637	1
485725	1
485766	1
485806	1
485955	1
485965	1
485986	1
485988	1
485999	1
486037	1
486055	1
48610	1
486163	1
486177	1
486212	1
486228	1
48624	1
486355	1
486359	1
486369	1
486387	1
486427	1
486439	1
486453	1
486457	1
486526	1
486542	1
486543	1
486547	1
486569	1
486696	1
486758	1
486802	1
486829	1
486959	1
487022	1
48703	1
487113	1
487115	1
487225	1
487235	1
487244	1
487283	1
487288	1
487292	1
487300	1
487323	1
487330	1
487347	1
487349	1
487364	1
487407	1
487434	1
487476	1
487497	1
487552	1
487564	1
487568	1
487736	1
487785	1
487845	1
487890	1
487917	1
488022	1
48804	1
488125	1
488166	1
488188	1
48820	1
488217	1
488287	1
488340	1
48839	1
488441	1
488452	1
488461	1
488471	1
488503	1
488504	1
488510	1
48857	1
488672	1
488675	1
488692	1
488730	1
488785	1
488793	1
488795	1
488872	1
488901	1
48893	1
488949	1
488950	1
489003	1
489026	1
48905	1
489090	1
489099	1
48910	1
489169	1
489232	1
489264	1
489272	1
489304	1
489424	1
489509	1
489520	1
489543	1
489643	1
489651	1
489684	1
489712	1
489737	1
489785	1
489792	1
489798	1
489804	1
489810	1
489824	1
489831	1
489924	1
489925	1
490002	1
490027	1
490089	1
490132	1
490138	1
490374	1
490442	1
49045	1
490542	1
490569	1
490592	1
490599	1
490612	1
490742	1
490828	1
490905	1
490928	1
49094	1
490943	1
491015	1
49108	1
491085	1
491264	1
491266	1
491290	1
491408	1
491425	1
491437	1
49149	1
491504	1
491548	1
491576	1
491603	1
491706	1
491759	1
491775	1
491801	1
491821	1
491822	1
49218	1
492230	1
492573	1
492709	1
492779	1
49282	1
492857	1
492928	1
492980	1
493054	1
493060	1
493081	1
49309	1
493113	1
493132	1
493166	1
493167	1
493188	1
49321	1
493246	1
493281	1
49329	1
493299	1
493318	1
49334	1
493470	1
493485	1
493499	1
493521	1
493614	1
493745	1
493774	1
493844	1
493851	1
493864	1
493909	1
494061	1
494107	1
494170	1
494191	1
494193	1
494211	1
494220	1
494352	1
494646	1
494659	1
494675	1
494697	1
49470	1
494754	1
494779	1
494812	1
494816	1
494879	1
49490	1
494916	1
495019	1
49512	1
495150	1
495316	1
495339	1
495377	1
495410	1
49547	1
495634	1
495656	1
495703	1
495790	1
495856	1
495878	1
495909	1
495913	1
495946	1
495966	1
496011	1
496122	1
496191	1
496435	1
496474	1
496485	1
496569	1
496592	1
496646	1
496872	1
497025	1
497136	1
497180	1
497238	1
497308	1
497402	1
497416	1
497436	1
49752	1
497532	1
49757	1
497593	1
497630	1
497641	1
497698	1
497782	1
497813	1
497823	1
497835	1
497859	1
497897	1
497915	1
497976	1
497993	1
498026	1
498064	1
498084	1
498297	1
498323	1
498344	1
49835	1
498479	1
498524	1
498569	1
498623	1
498649	1
498676	1
498740	1
498756	1
498821	1
498845	1
498856	1
498869	1
498922	1
498977	1
498988	1
498990	1
498998	1
499005	1
499112	1
499148	1
499246	1
499250	1
499361	1
499424	1
49953	1
499553	1
499606	1
499610	1
499861	1
499888	1
499924	1
499987	1
50015	1
50018	1
50021	1
50084	1
50096	1
50104	1
50115	1
50116	1
50120	1
50156	1
50159	1
50179	1
50200	1
50250	1
50360	1
50468	1
50489	1
50515	1
50532	1
50551	1
50671	1
50745	1
50770	1
50785	1
50793	1
50798	1
50842	1
50955	1
50989	1
51016	1
51176	1
51210	1
51283	1
51320	1
51563	1
51599	1
51623	1
51653	1
51730	1
51862	1
51902	1
51984	1
52148	1
52182	1
52200	1
52226	1
52294	1
52329	1
52450	1
52870	1
53205	1
53237	1
53245	1
53314	1
53419	1
53428	1
53447	1
53458	1
53487	1
53490	1
53494	1
53624	1
53643	1
53910	1
53992	1
54094	1
54115	1
54161	1
54292	1
54318	1
54326	1
54409	1
54410	1
54506	1
54592	1
54806	1
54845	1
54874	1
54910	1
54992	1
55037	1
55228	1
55312	1
55352	1
55365	1
55386	1
55387	1
55426	1
55484	1
55579	1
55616	1
55685	1
55697	1
55701	1
55758	1
55822	1
55828	1
55891	1
55959	1
56095	1
56180	1
56181	1
56224	1
56247	1
56381	1
56391	1
56440	1
56472	1
56487	1
56559	1
56563	1
56607	1
56633	1
56642	1
56654	1
56739	1
56778	1
56785	1
56798	1
56824	1
56901	1
56945	1
57120	1
57136	1
57163	1
57164	1
57202	1
57298	1
57372	1
57417	1
57439	1
57448	1
57504	1
57506	1
57636	1
57693	1
57771	1
57826	1
57873	1
57884	1
58042	1
58092	1
58122	1
58170	1
58178	1
58187	1
58188	1
58217	1
58219	1
58287	1
58345	1
58349	1
58546	1
58604	1
58645	1
58756	1
58855	1
58882	1
58990	1
59005	1
59201	1
59211	1
59225	1
59258	1
59272	1
59299	1
59361	1
59430	1
59605	1
59623	1
59637	1
59640	1
59748	1
59751	1
59768	1
59770	1
59812	1
60043	1
60105	1
60134	1
60186	1
60223	1
60264	1
60274	1
60324	1
60426	1
60478	1
60484	1
60497	1
60599	1
60624	1
60743	1
60755	1
60780	1
60792	1
60812	1
60892	1
60895	1
60946	1
60948	1
61003	1
61008	1
61098	1
61112	1
61147	1
61224	1
61387	1
61388	1
61428	1
61507	1
61544	1
61605	1
61717	1
61747	1
61784	1
61807	1
61818	1
61819	1
61850	1
61874	1
61893	1
61970	1
62075	1
62128	1
62344	1
62400	1
62448	1
62527	1
62565	1
62666	1
62670	1
62697	1
62707	1
62737	1
62751	1
62848	1
62893	1
62921	1
62966	1
62969	1
63051	1
63215	1
63274	1
63299	1
63340	1
63387	1
63388	1
63392	1
63394	1
63481	1
63514	1
63527	1
63669	1
63812	1
63840	1
63880	1
63937	1
63940	1
63968	1
63988	1
64029	1
64117	1
64134	1
64145	1
64181	1
64201	1
64202	1
64255	1
64257	1
64319	1
64336	1
64369	1
64389	1
64446	1
64464	1
64489	1
64607	1
64670	1
64760	1
64856	1
64894	1
64905	1
64983	1
65076	1
65077	1
65197	1
65198	1
65302	1
65313	1
65404	1
65424	1
65438	1
65496	1
65535	1
65575	1
65623	1
65666	1
65780	1
65871	1
65896	1
66006	1
66037	1
66076	1
66139	1
66301	1
66338	1
66365	1
66386	1
66406	1
66495	1
66580	1
66592	1
66622	1
66669	1
66742	1
66840	1
66876	1
67035	1
67265	1
67276	1
67332	1
67414	1
67431	1
67461	1
67629	1
67644	1
67672	1
67674	1
67681	1
67791	1
67892	1
67921	1
67935	1
67961	1
68088	1
68112	1
68137	1
68227	1
68240	1
68297	1
68349	1
68353	1
68387	1
68390	1
68391	1
68452	1
68461	1
68651	1
68656	1
68659	1
68697	1
68922	1
68953	1
69036	1
69164	1
69256	1
69296	1
69334	1
69363	1
69488	1
69509	1
69523	1
69535	1
69591	1
69600	1
69633	1
69678	1
69729	1
69736	1
69795	1
69814	1
69861	1
69948	1
69952	1
70011	1
70029	1
70168	1
70220	1
70378	1
70411	1
70418	1
70458	1
70474	1
70481	1
70494	1
70731	1
70827	1
70839	1
70893	1
70903	1
70946	1
71088	1
71147	1
71159	1
71206	1
71284	1
71324	1
71347	1
71428	1
71520	1
71564	1
71639	1
71757	1
71859	1
71865	1
71907	1
71987	1
72022	1
72040	1
72096	1
72171	1
72184	1
72194	1
72225	1
72329	1
72335	1
72346	1
72364	1
72425	1
72491	1
72561	1
72657	1
72715	1
72750	1
72782	1
72813	1
72830	1
72884	1
72973	1
73026	1
73027	1
73213	1
73362	1
73365	1
73372	1
73475	1
73544	1
73551	1
73666	1
73710	1
73729	1
73780	1
73857	1
73907	1
73925	1
73964	1
74061	1
74074	1
74079	1
74094	1
74141	1
74201	1
74231	1
74276	1
74296	1
74334	1
74386	1
74393	1
74421	1
74422	1
74433	1
74477	1
74611	1
74620	1
74680	1
74712	1
74762	1
74777	1
74859	1
74920	1
74941	1
75006	1
75159	1
75213	1
75267	1
75283	1
75336	1
75348	1
75356	1
75377	1
75512	1
75532	1
75558	1
75570	1
75674	1
75778	1
75802	1
75808	1
75812	1
75817	1
75877	1
75968	1
76008	1
76219	1
76347	1
76418	1
76504	1
76606	1
76798	1
76901	1
76958	1
77046	1
77056	1
77061	1
77108	1
77127	1
77148	1
77197	1
77228	1
77235	1
77264	1
77499	1
77515	1
77521	1
77544	1
77672	1
77699	1
77705	1
77797	1
77818	1
77878	1
77911	1
77920	1
77969	1
77982	1
77993	1
78031	1
78107	1
78151	1
78234	1
78292	1
78312	1
78323	1
78330	1
78352	1
78363	1
78439	1
78453	1
78606	1
78651	1
78700	1
78705	1
78816	1
78891	1
78927	1
78966	1
79030	1
79074	1
79080	1
79105	1
79122	1
79142	1
79169	1
79190	1
79241	1
79252	1
79277	1
79386	1
79394	1
79438	1
79443	1
79453	1
79555	1
79768	1
79832	1
79877	1
79885	1
79888	1
79941	1
79955	1
80074	1
80100	1
80193	1
80247	1
80249	1
80277	1
80342	1
80371	1
80457	1
80510	1
80511	1
80515	1
80571	1
80585	1
80624	1
80860	1
80866	1
80952	1
81017	1
81213	1
81257	1
81270	1
81343	1
81403	1
81451	1
81454	1
81478	1
81560	1
81581	1
81621	1
81623	1
81640	1
81667	1
81754	1
81758	1
81784	1
81913	1
81930	1
82096	1
82109	1
82172	1
82231	1
82239	1
82285	1
82289	1
82303	1
82313	1
82345	1
82346	1
82372	1
82456	1
82476	1
82507	1
82547	1
82561	1
82600	1
82629	1
82710	1
82718	1
82942	1
82985	1
83011	1
83062	1
83076	1
83110	1
83119	1
83140	1
83272	1
83349	1
83350	1
83372	1
83378	1
83423	1
83424	1
83452	1
83561	1
83603	1
83656	1
83663	1
83674	1
83706	1
83711	1
83739	1
83751	1
83791	1
83820	1
83846	1
83901	1
83907	1
83952	1
84073	1
84128	1
84182	1
84185	1
84186	1
84220	1
84221	1
84228	1
84241	1
84269	1
84296	1
84308	1
84310	1
84450	1
84497	1
84508	1
84560	1
84652	1
84832	1
84978	1
85048	1
85061	1
85238	1
85311	1
85336	1
85337	1
85356	1
85408	1
85414	1
85455	1
85536	1
85568	1
85571	1
85682	1
85917	1
85962	1
85969	1
86027	1
86057	1
86084	1
86160	1
86199	1
86212	1
86215	1
86230	1
86240	1
86400	1
86470	1
86474	1
86486	1
86587	1
86613	1
86624	1
86725	1
86735	1
86783	1
86895	1
86965	1
87015	1
87025	1
87042	1
87067	1
87082	1
87098	1
87123	1
87201	1
87226	1
87273	1
87331	1
87354	1
87412	1
87427	1
87579	1
87746	1
87750	1
87791	1
87816	1
87859	1
87862	1
87870	1
88000	1
88016	1
88023	1
88071	1
88103	1
88104	1
88115	1
88138	1
88221	1
88276	1
88323	1
88348	1
88415	1
88490	1
88504	1
88521	1
88653	1
88758	1
88826	1
88864	1
88911	1
88961	1
88986	1
89037	1
89076	1
89188	1
89267	1
89341	1
89348	1
89349	1
89414	1
89438	1
89511	1
89549	1
89555	1
89578	1
89592	1
89601	1
89664	1
89706	1
89717	1
89737	1
89740	1
89757	1
89797	1
89804	1
89865	1
89870	1
89884	1
89964	1
90015	1
90088	1
90114	1
90157	1
90165	1
90216	1
90366	1
90424	1
90492	1
90500	1
90609	1
90626	1
90726	1
90800	1
90838	1
90861	1
90896	1
90961	1
90992	1
90996	1
91055	1
91333	1
91361	1
91363	1
91536	1
91572	1
91581	1
91937	1
91938	1
91987	1
92007	1
92030	1
92036	1
92252	1
92255	1
92343	1
92391	1
92396	1
92412	1
92478	1
92499	1
92558	1
92653	1
92708	1
92778	1
92814	1
92997	1
93005	1
93009	1
93028	1
93046	1
93097	1
93098	1
93122	1
93148	1
93187	1
93188	1
93223	1
93275	1
93304	1
93320	1
93353	1
93441	1
93483	1
93517	1
93621	1
93816	1
93852	1
93876	1
93913	1
93916	1
94050	1
94146	1
94212	1
94325	1
94443	1
94485	1
94491	1
94550	1
94646	1
94727	1
94798	1
94805	1
94812	1
94955	1
94975	1
94994	1
94999	1
95041	1
95097	1
95111	1
95156	1
95189	1
95268	1
95357	1
95438	1
95440	1
95521	1
95634	1
95637	1
95677	1
95818	1
95844	1
95861	1
95870	1
95894	1
95911	1
95915	1
95952	1
95977	1
96017	1
96158	1
96160	1
96199	1
96218	1
96382	1
96489	1
96519	1
96636	1
96654	1
96687	1
96696	1
96736	1
96761	1
96796	1
96798	1
96879	1
96942	1
97010	1
97027	1
97079	1
97106	1
97172	1
97256	1
97318	1
97397	1
97454	1
97526	1
97528	1
97559	1
97659	1
97710	1
97778	1
97851	1
97936	1
98031	1
98040	1
98042	1
98136	1
98158	1
98208	1
98257	1
98258	1
98406	1
98722	1
98869	1
99041	1
99051	1
99075	1
99078	1
99196	1
99304	1
99331	1
99353	1
99361	1
99448	1
99474	1
99616	1
99776	1
99861	1
99909	1
99911	1
99941	1
99948	1
99962	1
99967	1
Aamer	4
Aamod	6
Aamodt	5
Abdelaziz	3
Abdelghani	5
Abdelkader	5
Abdelwaheb	8
Abdulah	3
Abdulla	4
Achilleas	6
Acton	4
Adachi	4
Adam	3
Adamantios	4
Adas	4
Adel	5
Adhemar	4
Adib	4
Adil	7
Adin	4
Adit	2
Adly	3
Aemilian	3
Aiichiro	5
Aiman	3
Aimee	7
Akaboshi	3
Akazan	3
Akeel	4
Akemi	6
Akeno	5
Akhilish	4
Akiyama	3
Aksel	5
Alagu	5
Alain	2
Alair	6
Alameldin	6
Alassane	4
Albarhamtoshy	4
Alblas	4
Alejandra	4
Alejandro	5
Aleksander	4
Alencar	4
Alenka	4
Alexius	6
Almudena	1
Aloia	2
Alois	6
Aloisi	2
Aloke	3
Along	8
Aloys	5
Alpay	3
Alper	3
Alpin	3
Alselm	1
Aluzio	4
Alvarado	6
Amabile	3
Amalendu	3
Ambroszkiewicz	3
Amstein	2
Anandan	4
Andreotta	3
Androutsos	3
Anestis	2
Angel	10
Angelopoulos	2
Angelov	3
Anger	1
Angiulli	4
Angot	4
Anguita	4
Angus	8
Anick	1
Anido	2
Anily	2
Anneke	5
Anneli	4
Annemarie	4
Anoosh	3
Antonakopoulos	8
Antonisse	3
Anwar	4
Anyuan	3
Apostol	5
Apsitis	2
Aral	1
Aram	5
Aran	3
Arch	5
Arco	3
Arfst	2
Argence	1
Aria	4
Arie	1
Arif	8
Ariola	4
Aris	4
Arlazarov	4
Arlette	5
Armand	3
Armond	3
Arnd	6
Arne	5
Arno	4
Arnould	3
Aron	5
Arra	7
Arto	4
Arumugam	5
Arun	5
Aruna	5
Arunachalam	1
Arunas	7
Arup	5
Arve	5
Arvin	5
Arvind	6
Aseltine	4
Ashish	11
Asmuth	4
Asrin	5
Assaf	2
Asser	6
Assistant	280
Atchley	3
Atilio	5
Atrawala	3
Atreye	9
Atreyi	5
Attimonelli	5
Augustine	4
Aumann	2
Auria	3
Auyong	3
Avishai	5
Avouris	5
Awdeh	3
Axelband	3
Ayakannu	3
Ayonca	6
Azadmanesh	3
Azevdeo	6
Azulay	4
Azuma	2
Azumi	3
Baak	3
Baaleh	4
Baalen	2
Baar	6
Baaz	2
Baba	7
Babb	3
Babette	5
Babu	3
Baby	4
Baca	2
Bach	7
Back	2
Backhouse	2
Badache	3
Bade	4
Bader	4
Badr	3
Badri	7
Baek	5
Bael	3
Baer	3
Baez	1
Baezner	5
Bage	7
Bahi	2
Bahk	3
Bahl	5
Bahr	2
Baig	3
Baik	3
Bail	3
Bain	6
Bakhtari	4
Bala	1
Bale	3
Ballarin	3
Bamford	5
Bangqing	6
Baocai	3
Baoqiu	3
Baranowski	5
Barbanera	3
Bardell	3
Barinka	3
Barna	5
Barreiro	1
Barriga	5
Barry	5
Bartek	4
Barton	5
Baruch	3
Barun	2
Barvinok	1
Basagni	6
Basant	4
Basart	3
Basawa	6
Basem	6
Bashian	1
Basil	5
Basim	2
Bauknecht	3
Baumann	2
Bazelow	5
Baziley	4
Bazzichi	3
Beausoleil	2
Becky	3
Bedir	3
Bednarek	3
Bedrich	5
Beerel	2
Beetstra	2
Begiun	6
Behnaam	2
Beidas	4
Beilner	2
Belinskaya	1
Bellmore	3
Bellone	5
Benaini	4
Benantar	3
Benner	2
Bennet	3
Bennis	4
Benveniste	6
Benzaken	4
Benzmuller	7
Berendt	6
Bergere	6
Berhard	1
Berna	5
Bernardeschi	4
Bernardinello	3
Bernardo	7
Bernatsky	2
Bernd	2
Berni	3
Bernice	2
Bernick	2
Bernini	2
Bernt	8
Berry	3
Berstel	2
Berthier	6
Berto	4
Berztiss	6
Besancenot	2
Beshir	4
Besselaar	3
Beutelspacher	5
Bezalel	2
Beznosov	3
Bharadwaj	1
Bhattacharjee	4
Bierbaum	1
Bierman	6
Bikash	2
Bilhanan	3
Billawala	4
Billie	3
Billingsley	3
Billur	4
Binding	3
Bingning	5
Binkley	4
Biran	7
Birch	4
Birdsall	3
Birjandi	5
Birke	4
Birnbaum	1
Biron	2
Biros	3
Birrer	2
Birsak	3
Birta	3
Bisiani	4
Blokdijk	4
Bluma	9
Boalin	9
Boaz	3
Bodo	2
Bodoff	5
Bogdan	3
Boguraev	1
Boguslaw	8
Boissier	4
Bojadziev	2
Bojan	4
Bokyung	1
Bolotov	2
Bolsens	5
Bondorf	4
Bonifati	2
Boreale	3
Boriana	2
Borovoy	3
Botman	2
Bottner	5
Bouchung	2
Boudaillier	3
Bouloucos	5
Boutros	5
Bowen	2
Boyle	3
Braccini	3
Brandsma	2
Branimir	9
Bratsberg	1
Bratten	7
Brattka	3
Braunmuhl	2
Braunschweig	9
Breannda	5
Brendel	4
Brender	3
Brendon	3
Bresenham	2
Bressoud	3
Breugel	1
Brewster	10
Brickell	3
Bridgland	1
Brigham	2
Brizzi	1
Brlek	2
Brobst	1
Brodal	3
Broder	5
Brodie	4
Brookman	3
Brookner	2
Broomell	3
Bruckman	2
Buchter	3
Budinsky	2
Buescher	1
Bugaenko	2
Bugrara	4
Bultermann	3
Burnard	2
Busillo	2
Businaro	3
Butner	4
Butterworth	5
Byong	3
Byoun	2
Caine	2
Cairo	4
Calkin	1
Callaway	2
Camarinopoulos	2
Camurati	7
Candan	2
Candida	6
Candido	7
Cangellaris	2
Cannane	2
Cannard	3
Cannata	2
Caolyn	6
Capobianchi	3
Cappelletti	2
Cappelli	1
Cappello	3
Cardazo	6
Carrera	6
Carrere	2
Carrsten	4
Casley	7
Casperson	5
Castellani	6
Cathie	6
Cedric	4
Cesareni	4
Chachaty	4
Chaitali	3
Champarnaud	5
Chandrasekaran	4
Chandrasekhar	3
Changho	4
Chanjung	5
Chaosheng	8
Chaoyi	5
Chappelet	2
Charlene	6
Charmane	5
Chartres	2
Chaudhuri	6
Chaudhury	1
Chelton	2
Chenney	4
Chenoweth	3
Chenxi	8
Chenye	1
Chenyi	4
Cheong	3
Chepyzhov	3
Cherinka	3
Cheshire	3
Chikako	3
Chikara	3
Chimia	3
Chinal	1
Chinen	3
Chinho	3
Chinhyun	2
Chinin	6
Chinya	4
Chiodo	5
Chiola	2
Chiradeep	5
Chiranjit	5
Chirstian	4
Chleq	1
Choobineh	3
Chorvat	3
Chrisa	11
Chriss	4
Christ	10
Christfried	2
Christianini	5
Christoper	2
Christoph	1
Christophe	4
Chuanti	5
Chuanyi	7
Chvatal	4
Cichocki	7
Cincotta	3
Ciolek	1
Claffy	2
Claude	2
Claudi	4
Clemencon	4
Clouatre	5
Clyde	7
Cmelik	4
Cochrane	3
Codenie	2
Collavizza	4
Collette	8
Colorni	4
Comellas	2
Compeau	6
Comte	1
Comyn	5
Conal	3
Conde	5
Condotta	4
Coney	4
Conia	2
Conor	1
Conrado	4
Conry	2
Constantijn	5
Constantine	3
Constantino	6
Conte	3
Conti	4
Cooke	2
Cooley	4
Cools	1
Coombs	1
Coorg	8
Coors	2
Copas	6
Cordelia	6
Couchot	3
Coullard	5
Covnot	7
Crabtree	1
Crelier	3
Cristinel	2
Cronan	3
Cronau	2
Cronin	6
Crooks	8
Crouzet	5
Cullen	5
Cullers	5
Cummings	5
Cunliffe	1
Curless	10
Cusworth	2
Cyne	3
Cyre	1
Czaja	3
Czap	2
DAIDA	6
Daescu	7
Dahlbom	2
Dalphin	1
Dalton	7
Danae	6
Danai	4
Danco	6
Danecki	6
Danel	3
Danil	7
Danley	3
Danlos	5
Danner	5
Danny	1
Dannz	5
Dante	9
DasSarma	3
Dayana	1
Dayanand	5
Dayang	3
DeForest	4
DeMori	3
Debaprosad	7
Debatosh	5
Deborah	3
Debuse	5
Decaestecker	3
Dechter	2
Decleir	2
Dehkordi	2
Dekang	2
Delaune	2
Delgrande	3
Delgrange	3
Delgrossi	5
Demeyer	4
Demian	6
Demin	3
Demir	6
Demizu	1
Demos	12
Demri	1
Dengi	4
Denis	9
Deniz	4
Denny	8
Denos	4
Denti	4
Desikan	1
Detkin	3
Deverell	4
Deville	1
Deyuan	2
Dharmaraja	3
Dhritiman	2
DiGiano	2
Dichev	4
Diderrich	3
Diederik	4
Dietrich	5
Dinah	6
Dines	4
Dinkar	5
Dipankar	2
Dipayan	2
Divier	4
Divine	4
Djelloul	5
Djenana	4
Dmitri	6
Dmitry	5
Docker	2
Doering	7
Dolinsky	3
Domenick	4
Domenico	2
Domenig	5
Doohun	6
Doowon	1
Douadi	5
Douceur	1
Dratva	2
Dredge	2
Driscoll	8
DuBourdieux	6
DuCasse	5
Duangkaew	1
Duclos	9
Ducloy	3
Duke	2
Dulay	3
Dulce	4
Dulin	6
Dulli	2
Dung	4
Duri	5
Duro	4
Dusink	4
Dymetman	2
Dzung	1
Eastman	6
Ebbe	5
Ebeling	2
Eben	5
Eberhardt	8
Ebru	6
Eckart	1
Ecklund	2
Edelhoff	2
Edwin	3
Egerstedt	6
Eickenmeyer	3
Einsfeld	3
Eirik	1
Eiron	3
Eishiro	7
Eiter	1
Ekawit	4
Eldridge	7
Elgin	2
Elliott	7
Ellozy	3
Elrique	2
Elvia	9
Elvis	6
Elzbieta	4
Emdad	7
Emden	1
Emiris	4
Emmart	1
Emmerich	1
Emran	8
Encarnacion	4
Engberts	3
Engelmann	2
Engineer	2808
England	4
Ennio	7
Eppinger	4
Eran	5
Erbe	6
Erde	1
Erdi	3
Erdmenger	1
Erev	2
Erez	7
Eric	2
Erie	5
Erman	1
Ermel	5
Erni	6
Ernst	3
Erol	3
Ertl	8
Erva	3
Erzsebet	6
Escriba	1
Esposito	3
Esteva	2
Etalle	2
Eterovic	2
Etsuo	6
Eugenio	4
Evgueni	5
Ewing	4
F	2304
Fabrizio	9
Facello	6
Fadgyas	1
Fai	8
Fairtlough	2
Faiza	6
Falby	4
Falck	6
Falco	6
Falguni	4
Falster	4
Famili	3
Fan	4
Fandrianto	5
Fargier	4
Farrag	1
Farrar	2
Farrel	2
Farris	4
Farrow	1
Fasbender	2
Fatemeh	2
Fay	7
Fayez	7
Fei	4
Feinberg	5
Feipei	2
Feixiong	2
Feiyu	6
Felcyn	7
Felder	3
Feldhoffer	2
Feldmann	3
Felicidad	6
Fen	3
Ferdinand	3
Ferretti	2
Fiebach	3
Figueira	5
Filipe	10
Filipp	7
Fioravanti	3
Fiutem	2
Flanders	1
Flasterstein	5
Flemming	3
Flexer	1
Florian	2
Florina	10
Flowers	3
Fontan	3
Fontet	2
Foong	9
Foote	11
Fordan	6
Fortenbacher	2
Fox	3
Fraisse	5
Francesca	1
Francisci	5
Francoise	6
Franziska	2
Frazer	2
Frederique	5
Freyja	7
Frezza	6
Frijda	2
Fritzsche	2
Froduald	1
Frolund	4
Fujisaki	2
Fujisawa	8
Fumiko	4
Fumino	4
Fumitaka	8
Fumitake	4
Fumiya	2
Fumiyo	5
Fun	2
Fuqing	6
Furedi	5
Furudate	3
Fusako	6
Gad	6
Gadepally	2
Gadiel	1
Gaetan	6
Gajiwala	2
Gal	6
Gammage	4
Gao	2
Gargeya	4
Garigliano	4
Garnet	5
Garnham	1
Garnick	6
Garnier	5
Garnik	5
Garrabrants	4
Gaughan	6
Gaurav	6
Gay	7
Gecseg	1
Gecsei	8
Gecsel	2
Geffroy	4
Gelosh	4
Gen	5
Genevieve	5
Genin	3
Genki	2
Gennadi	10
Gennady	5
Genta	5
Gente	3
Genther	4
Geoff	6
Geoffrey	3
Geoffry	6
Georg	3
Georgakopoulos	4
Georgatos	2
George	3
Georgi	7
Georgy	5
Ger	5
Geraldo	6
Gererd	4
Gerlach	2
Gerteisen	1
Gewali	4
Ghalwash	4
Ghandeharizadeh	4
Ghassan	3
Ghazalie	6
Ghelli	2
Ghemri	8
Giaccio	5
Gian	5
Gianluca	6
Giao	1
Giap	6
Giarratana	1
Gide	6
Gien	3
Gift	7
Gihr	3
Gil	3
Gila	5
Gilbert	6
Gilg	5
Gill	9
Gils	3
Gimarc	3
Gimbel	3
Gina	3
Ginesta	4
Gini	3
Ginneken	4
Gino	7
Gio	7
Giordano	2
Gips	3
Gire	5
Giri	7
Girolamo	4
Gischer	7
Gist	2
Gita	4
Giveon	5
Gladwell	7
Gladys	7
Glinert	1
Glowinski	4
Gluchowski	2
Gniady	2
Goa	4
Godehard	2
Godskesen	3
Goetz	5
Goh	3
Goldhammer	3
Gomatam	4
Goncalo	3
Gonthier	3
Gonzalo	5
Goo	5
Goodrum	4
Gopalakrishnan	3
Gor	6
Gou	4
Grabner	3
Grandbois	1
Granlund	2
Greenaway	3
Greger	1
Gregory	4
Greibach	3
Gretta	6
Griswold	2
Gritta	3
Gro	3
Gronowski	6
Grospietsch	3
Gruenwald	4
Guadalupe	8
Guangming	1
Guardalben	2
Gubsky	4
Gudjon	8
Guenter	8
Guerreiro	3
Guiseppe	5
Gulak	3
Gulik	5
Gulla	4
Gully	5
Gunderson	5
Gunilla	6
Guoxiang	5
Guozhong	7
Gurbaxani	4
Gurbir	4
Gustavson	5
Guther	7
Guting	4
Guttorm	4
Gyimothy	6
Gyorkos	3
Haddadi	6
Hagimont	1
Hailing	6
Hainaut	3
Hairong	3
Haldar	3
Haldon	3
Haldun	4
Halevi	5
Halloran	5
Halsur	4
Hambrick	4
Hammerschmidt	2
Hanabata	5
Hanratty	2
Haraldson	2
Harbusch	5
Hardjono	7
Harjit	4
Harllee	1
Harnett	3
Harngdar	2
Hartvigsen	5
Hasenauer	5
Hasham	5
Hashii	3
Hatcliff	2
Hatem	2
Hatim	5
Hatsukazu	6
Hauke	3
Haumacher	4
Hausi	3
Hebden	1
Hebert	5
Hedayat	1
Heejo	5
Heeju	5
Heekeun	6
Heemskerk	6
Heering	2
Hegner	4
Heijenga	6
Hein	6
Heinisuo	6
Heiserman	1
Hellwagner	8
Hemaspaandra	1
Hempstead	3
Henders	4
Heng	5
Henk	6
Hennebert	6
Hennings	5
Henseler	6
Heon	3
Heping	5
Herath	6
Herb	4
Herber	4
Herbert	9
Herbst	2
Hercules	4
Hertweck	5
Hettesheimer	4
Heusch	2
Heuser	2
Heuter	2
Heydon	4
Heyers	4
Heystek	3
Hidde	4
Hidefumi	6
Hideo	1
Hideyuki	1
Highland	1
Hilari	7
Hilary	3
Hiltgen	10
Himler	4
Hinrich	1
Hinsberger	2
Hiraishi	3
Hirochika	5
Hironobu	2
Hironoby	6
Hiroyama	3
Hiroyasu	5
Hisao	5
Hitofumi	3
Hitomi	3
Hiyoshi	1
Hmelo	4
Hockney	3
Hofman	1
Hofmeyr	1
Hofstetter	3
Hofting	6
Holburn	5
Holgard	6
Homond	3
Honesty	5
Honglan	2
Honglei	6
Hongzhu	4
Hongzue	7
Honiden	3
Hoogerwoord	3
Hooghiemstra	5
Hopewell	6
Hoppenstand	5
Horswill	7
Horward	4
Houman	6
Howell	6
Hsiangchu	4
Huai	6
Huan	6
Huei	3
Hugh	8
Hugo	4
Huhdanpaa	3
Huican	6
Huiqun	5
Huttel	5
Hutter	3
Hutton	4
Huxford	3
Hyuckchul	7
Hyuncheol	3
IEEE	5
Iacovou	4
Iara	6
Ibel	6
Ibibia	5
Idoia	3
Iisaka	3
Iisaku	4
Iivonen	2
Imataki	4
Impagliazzo	1
Improta	2
Inderjeet	3
Indrajit	9
Ingemar	5
Ingmar	2
Insup	3
Ioana	4
Ipke	2
Irena	6
Irene	4
Irland	2
Isaac	5
Isaak	1
Isamu	6
Isard	2
Ishfaq	2
Ishibashi	2
Itschner	3
Itzchak	10
Itzigehl	6
Iwayama	3
Izaskun	3
Jaana	2
Jaber	9
Jackson	2
Jacopo	3
Jacqueline	5
Jaewon	4
Jaewoo	3
Jagoda	3
Jahangir	4
Jahnichen	4
Jaideep	3
Jaihie	6
Jakobus	2
Jamaludin	1
Janalee	2
Janche	3
Janetzko	4
Janocha	4
Jansch	4
Jansen	5
Jaques	3
Jarecki	3
Jasminko	6
Jayesh	5
Jayson	3
Jeane	2
Jeanna	3
Jeanne	5
Jeansoulin	7
Jenevein	3
Jenwei	1
Jeong	7
Jervis	5
Jessie	2
JiYoung	3
Jiafu	11
Jiakeng	4
Jiang	12
Jianhao	4
Jianhua	3
Jianhui	6
Jiann	9
Jianwen	3
Jingling	5
Jinpo	4
Jinxi	8
Jinya	3
Jiong	4
Jixiang	3
JoAnna	2
JoAnne	5
Jolita	3
Jongsuk	3
Jonsson	4
Jordanka	3
Jording	5
Joslin	2
Josyula	5
Jouko	3
Jouni	3
Journel	5
Jovan	2
Joydip	7
Juichirou	4
Jumpertz	3
Juneja	4
Junet	3
Jungsoon	1
Junichi	5
Junot	1
Junsik	4
Juyoung	7
Kabayashi	3
Kadhim	3
Kading	5
Kaelbling	4
Kagan	3
Kaijung	3
Kaiser	4
Kaiserswerth	3
Kakkad	4
Kakkar	4
Kalafatis	5
Kalefeld	2
Kalloufi	2
Kalorkoti	2
Kalsbeek	3
Kaltofen	4
Kamakshi	3
Kamber	8
Kambil	5
Kamble	4
Kaminger	3
Kampfer	2
Kamran	5
Kandlur	3
Kankanahalli	6
Kannan	3
Karcich	7
Karlin	5
Karlis	3
Karner	6
Karnin	4
Karoline	4
Karsten	7
Karunanithi	3
Kasidit	6
Kasturi	3
Katalagarianos	6
Katiyar	7
Katsuo	4
Katsuyuki	4
Katzenelson	2
Kauko	1
Kavanagh	7
Kavraki	3
Kawashima	6
Kawashimo	3
KayLiang	2
Kayoko	8
Kazuhide	4
Kazuhiko	5
Kazuhira	5
Kazuhiro	7
Kazuhisa	9
Kazuhito	6
Kazunori	2
Kazuyasu	3
Keiichiro	5
Keirsey	4
Kellie	3
Kellyn	3
Kemmerer	4
Kendra	2
Kenevan	2
Kenroku	5
Kensei	9
Kensyu	2
Kenton	3
Keohane	5
Kerhong	5
Kermarrec	4
Kerryn	3
Kersti	4
Keung	6
Keustermans	7
Khaled	7
Khalid	6
Khalil	1
Khamsi	4
Khasidashvili	3
Khatoun	5
Khedija	2
Khoa	8
Khosrow	7
Khue	2
Khun	6
Kiam	3
Kien	1
Kieras	5
Kilgore	2
Kilgour	4
King	3
Kinh	4
Kinley	4
Kirk	3
Kirkerud	2
Kish	3
Kisuki	2
Kitai	2
Kitsuregawa	2
Kitty	2
Kiyokazu	2
Kiyomitsu	5
Kiyotoshi	4
Klassen	5
Kleiser	4
Klerer	3
Klyachko	4
Knightly	3
Kobara	4
Koblick	7
Koblitz	4
Kohling	2
Koichi	7
Kokou	5
Kolar	3
Koldo	3
Kolinko	3
Kolvik	5
Kopetz	4
Koprowski	1
Kornatzky	3
Kornyak	6
Koshiba	3
Koshino	5
Kossowski	2
Kotesh	4
Kousuke	4
Kowalchuk	4
Koyama	5
Kragelund	4
Kranzdorf	1
Krassimir	5
Krichel	1
Krider	1
Kriebel	1
Krisda	2
Kristen	4
Krister	5
Kristian	3
Kristin	4
Kristina	6
Kristine	1
Kristinn	2
Kristof	3
Kroft	3
Krogh	10
Kroha	3
Krohm	3
Krohn	6
Kroll	2
Krone	2
Kroon	3
Kropatsch	5
Kropf	3
Kropp	2
Krupka	3
Kruskal	3
Krybus	4
Krychniak	2
Krzyzanowski	5
Kshitij	3
Kugler	4
Kuhnemann	3
Kulisch	1
Kumaresan	3
Kusakabe	4
Kusakari	3
Kusalik	5
Kushner	4
Kushnir	4
Kuszyk	2
Kuzuoka	1
Kwan	5
Kwangho	7
Kwangjo	7
Kwangsub	4
Kwangyoen	6
Kwee	5
Kwok	5
Kwun	3
Kyoichi	5
Ladret	5
Lagarias	2
Lakshmanan	1
Lakshmi	5
Lalit	7
Lally	2
Lalonde	2
Lamba	6
Lambe	3
Lamma	2
Lammel	6
Lamparter	3
Landherr	6
Langford	6
Lanphier	2
Lansing	2
Lanzelotte	5
Larfeldt	4
Larisa	4
Laurentiu	4
Laurillard	5
Laventhal	2
Leader	278
Leaf	5
Leah	5
Leandro	7
Leaver	3
Lech	3
Leen	6
Legleitner	3
Leif	5
Leijenhorst	5
Lein	5
Leivant	1
Lemarechal	5
Lena	5
Lenart	3
Lene	6
Leni	5
Lenore	8
Leon	4
Leonhardt	5
Leppanen	4
Leslie	5
Leszek	6
Leuchs	4
Leucio	7
Levasseur	3
Levergood	3
LiMin	7
Licheng	5
Lichtman	3
Lichtner	3
Lidong	14
Lieberherr	5
Lieblein	1
Liedekerke	5
Lienhardt	1
Liesche	4
Ligten	3
Lihong	2
Lijia	2
Lijie	1
Lillian	5
Limongiello	5
Limsoon	3
Linares	2
Lindenbaum	7
Lindqvist	4
Linnainmaa	7
Litecky	5
Litvinov	4
Litzkow	2
Litzler	1
Llado	6
Lobel	6
Lodder	1
Lokesh	3
Loncour	7
Lorch	3
Lores	7
Lorho	4
Lorie	4
Lorien	3
Lorin	4
Lortz	3
Lorys	3
Lovengreen	1
Lowrie	6
Luan	4
Lubachevsky	2
Lubomir	4
Luby	6
Luca	6
Luce	2
Lucian	5
Lucien	4
Luck	6
Luders	3
Luef	3
Lueh	2
Luerbio	5
Luff	5
Luft	6
Luga	3
Luigi	7
Luisa	5
Luise	3
Luit	6
Lukaszewicz	3
Luke	3
Luks	5
Lund	1
Lundstrom	8
Lung	2
Lunjin	7
Lunn	6
Lunt	7
Luon	2
Lupu	1
Lyonns	2
M	3361
Mabhin	6
Mabo	4
Mabry	10
Maccarone	4
Macedo	3
Macha	3
Mack	5
Madeira	4
Mads	10
Magalhaes	3
Magdalena	3
Maginnis	3
Magliocco	3
Magy	7
Mahendra	8
Mahmud	3
Mahmut	5
Mahnke	7
Maia	2
Maierhofer	1
Maik	6
Maja	5
Majewski	4
Makato	7
Make	4
Makinen	1
Makrucki	4
Maksimenko	11
Malabarba	4
Maliniak	1
Malu	2
Mamdouh	4
Mamelak	6
Mana	4
Mandelberg	1
Mandell	7
Manderick	5
Manders	5
Mang	3
Mani	4
Manibrata	6
Manohar	3
Mansanne	2
Mansur	6
Mantis	4
Manton	6
Manu	6
Mapelli	8
Maquelin	5
Mara	2
Maraist	4
Marakhovsky	1
Marc	6
Marchesini	3
Marciano	4
Marco	3
Marek	2
Maren	5
Margareta	2
Margo	3
Mari	8
Maria	6
Mariangiola	8
Marie	2
Marin	5
Mario	5
Maris	1
Marit	5
Mariusz	3
Marjo	1
Mark	3
Marke	3
Marko	4
Markovitch	3
Marl	1
Marla	5
Marletta	4
Marlo	5
Marquardt	1
Marrakchi	5
Marrevee	3
Marsal	7
Marsha	4
Marshall	7
Marsiglia	4
Marsja	4
Mart	6
Martial	3
Martien	4
Martijn	8
Martina	7
Martine	2
Martins	4
Marwedel	3
Mary	3
Marzano	4
Masada	4
Masadi	3
Masaki	8
Masako	4
Masali	4
Masami	6
Masamitsu	2
Masamoto	1
Masanao	4
Masand	3
Masaru	4
Masasuke	4
Masato	5
Masoud	4
Massonet	5
Matheson	4
Matk	2
Mats	3
Matteis	4
Mattern	6
Matzat	5
Matzel	4
Matzen	8
Matzke	5
Matzov	3
Mawatari	4
Mayerwieser	4
Mayuko	3
Mayumi	7
Mayuri	3
McAffer	1
McAlpine	3
McClure	7
McClurg	6
McConalogue	4
McDermid	2
McFarlan	4
McFarlin	3
Mechthild	3
Melichar	7
Mellouli	8
Melski	5
Melter	4
Melton	4
Menhardt	3
Menhoudj	3
Menkae	7
Merel	3
Merey	6
Meriste	5
Merkl	5
Merks	3
Merle	1
Merli	6
Merlo	3
Mersereau	6
Meszaros	2
Miake	2
Miara	1
Michaela	3
Michaeli	3
Michaels	9
Miculan	2
Middleton	2
Mihalis	4
Mikhail	5
Mikschl	4
Milicia	7
Milicic	3
Millington	2
Minakawa	2
Mingdong	9
Minghong	2
Mingsen	6
Mingzeng	6
Miomir	1
Miquel	5
Mircea	3
Mitchel	3
Mitchem	1
Mitina	4
Mitsuhashi	2
Mitsuyuki	2
Mitzlaff	2
Miyakawa	7
Miyeon	6
Mizuhito	4
Moehrke	5
Moffat	3
Mohamadou	3
Mohammad	5
Mohammed	8
Mohan	2
Mohd	2
Moheb	4
Mohit	6
Mohua	5
Moie	3
Mokhtar	4
Molberg	3
Mona	4
Monarch	6
Mondadori	4
Mong	6
Moni	2
Monique	3
Monkewich	2
Montemayor	3
Montresor	5
Mooi	11
Moon	3
Mori	5
Moriyoshi	2
Morrey	4
Morrie	10
Morrin	2
Morris	7
Morrow	4
Morton	3
Moss	7
Mostafa	6
Moti	6
Motley	3
Moto	1
Mototsugu	2
Moty	4
Mountaz	3
Mrinalini	5
Msuda	2
Muchinsky	2
Muhlberg	3
Muhling	3
Mukaidono	6
Mullainathan	5
Munawer	7
Munch	3
Munck	2
Mundy	5
Munehiko	4
Munehiro	7
Munenori	4
Muneo	3
Mungall	3
Munir	5
Munke	4
Munos	5
Munoz	5
Munro	6
Muntz	3
Murillo	4
Murrill	2
Murtafg	3
Murtagh	2
Murtha	1
Murthy	12
Muzhong	6
Nadjib	4
Naftali	4
Naftaly	3
Nagui	5
Nahid	4
Nahla	1
Nahum	3
Nakhoon	3
Nalini	4
Nanard	7
Nannarelli	3
Narahara	4
Narahari	3
Naraig	5
Narain	5
Narlikar	3
Narwekar	2
Nastansky	7
Nathalie	6
Nathan	6
Nations	3
Naudin	7
Naumovich	2
Navazio	1
Navid	7
Navin	3
Nechama	6
Nectarios	4
Neelam	4
Negoita	4
Neiman	8
Neimat	3
Nergos	3
Neven	6
Nevin	7
Nevio	3
Niclas	4
Nicolson	4
Nidapan	2
Nigel	3
Niizuma	5
Nikolaos	4
Nikolaus	2
Nilsson	1
Nimmagadda	2
Niranjan	5
Nirmal	3
Nishimukai	4
Nishit	2
Niteen	4
Nitsan	7
Nitsch	2
Nitsche	2
Nitta	2
Nittel	3
Nitto	3
Nivat	5
Nobuyoshi	1
Nollmann	4
Nooteboom	2
Noriega	6
Noritoshi	9
Norsworthy	3
Nourani	10
Nyanchama	3
Nyrup	1
Oaver	6
Oberman	2
Oddvar	4
Odinaldo	8
Odoardo	4
Odysseas	3
Oguz	2
Ohad	2
Ohori	3
Oksana	5
Olano	5
Oldrich	9
Olivera	4
Olivero	5
Onuegbe	2
Openshaw	2
Oppitz	4
Orlowska	2
Orlowski	2
Orsini	6
Ortrud	5
Ortrun	9
Oscal	6
Oscar	5
Osgood	4
Oskamp	5
Ossenbruggen	2
Otilia	5
Otillio	2
Otmar	6
Ottavia	3
Ouhyoung	7
Owen	6
Oxenboll	2
Oxman	2
Ozeki	3
Ozeri	2
Ozery	2
Paciorek	3
Paddy	4
Padma	5
Pagter	3
Palash	4
Paloma	8
Paludetto	8
Panangaden	8
Panayotis	9
Panienski	7
Pantung	6
Panwar	4
Papadias	1
Papastamatiou	2
Pappas	3
Papsdorf	3
Parascandalo	5
Paraskevi	5
Pardalos	3
Parfitt	2
Pargaonkar	2
Pargas	4
Parhami	3
Paris	4
Parke	4
Parto	3
Parveen	5
Parviz	6
Pascal	2
Pashtan	2
Pasqua	6
Passafiume	3
Passino	3
Patricia	6
Patricio	4
Pauthner	3
Pavlopoulou	4
Peac	3
Peak	3
Pearson	2
Peck	1
Peek	2
Peer	2
Peha	6
Pehl	3
Pelc	5
Pell	4
Pellegrinelli	3
Peltason	1
Pelz	5
Pena	5
Peng	3
Penn	5
Penttonen	4
Penz	4
Peot	3
Pepe	3
Peral	1
Percebois	5
Percy	5
Perelgut	4
Peres	3
Perez	7
Perfilyeva	5
Perin	4
Peris	8
Perko	4
Perl	2
Perla	4
Perly	5
Perna	1
Perng	2
Pero	3
Peron	7
Peroz	2
Perri	3
Perry	8
Persi	5
Perz	3
Pesch	4
Petereit	2
Peternela	3
Peternell	3
Petersohn	6
Petter	5
Pettey	2
Pettis	6
Pettit	2
Peyn	5
Pezzoli	6
Pfau	6
Phillip	6
Phule	2
Phuoc	6
Piancastelli	4
Piazza	4
Picaronny	1
Picci	1
Picco	3
Picel	3
Picht	4
Pietracaprina	3
Pietrzykowski	3
Pileggi	3
Pillow	3
Pintelas	3
Pintsang	8
Piveteau	6
Piyawadee	7
Piyush	10
Plavsic	6
Plessier	4
Plesums	7
Pleszkun	3
Plotkin	1
Plumb	1
Plump	4
Pluym	4
Pocchiola	2
Poehlman	1
Pohua	3
Pokrovskii	3
Polajnar	7
Pollacia	1
Pollock	3
Polupanov	2
Ponthieu	5
Poorav	3
Poornachandra	3
Porenta	3
Porotnikoff	2
Portugali	5
Potthoff	6
Poujol	3
Poulakidas	3
Pouyioutas	4
Pradeep	5
Pragnesh	6
Pramanik	1
Pramod	5
Prampolini	1
Pranas	2
Pranav	4
Pranay	3
Pranjal	5
Prasadram	6
Premal	2
Premsyl	4
Prenel	2
Preusig	2
Prochazka	3
Prodip	4
Provine	2
Przemyslawa	4
Przulj	3
Pulkowski	5
Puoti	1
Puppe	3
Puppo	3
Pusterhofer	4
Qingxiang	5
Qiwen	6
Quadeer	4
Quaggetto	7
Quingbo	4
Quittner	5
Qunsheng	2
Rabehasaina	3
Rabejac	5
Raczkowsky	8
Radhakrishnan	10
Radhia	5
Radhika	3
Radivojevic	5
Radoslaw	7
Radwan	8
Rafael	4
Rafail	6
Rafols	2
Rahier	6
Rahimi	1
Raimond	4
Rajala	4
Rajaraman	5
Rajcani	3
Rajmohan	2
Ramachenga	3
Ramaiah	4
Ramalingam	7
Ramamoorthy	6
Ramras	4
Ramsak	3
Ramsay	3
Ramsey	6
Ramya	1
Ramzi	4
Ranai	5
Ranan	7
Rance	7
Rande	6
Randi	8
Rando	4
Randt	3
Randy	4
Raney	3
Ranft	3
Ranga	4
Range	1
Ranka	2
Ranon	3
Ranst	2
Ranta	3
Ranum	1
Ranze	3
Raoux	1
Rasiah	7
Rasikan	2
Rassart	4
Rathonyi	6
Ratnakar	1
Ratnaker	5
Rattan	3
Ratzlaff	2
Ravishankar	9
Rayond	8
Rebaine	2
Redmiles	6
Reeken	2
Reeker	3
Reghbati	2
Rehfuss	4
Reinhard	12
Reinhart	1
Reinhold	9
Reistad	3
Remco	8
Remko	5
Remmele	6
Remmers	3
Remmert	5
Remzi	2
Renear	4
Renee	3
Renny	4
Ressouche	2
Restivo	3
Rettelbach	4
Reutenauer	5
Reuven	8
Richara	3
Richard	5
Riefers	5
Riesenhuber	4
Riexinger	2
Rijckaert	5
Rijsenbrij	2
Rikino	3
Rildo	4
Rimli	3
Rimon	2
Rindone	4
Rissanen	2
Rissland	3
Ritcey	2
Ritzmann	2
Roccetti	2
Roddy	5
Roded	7
Rodham	2
Rodier	5
Rodiger	4
Rodite	2
Rohrbach	2
Roisin	4
Roison	5
Ronghao	6
Ronnie	2
Roohalamini	5
Rosalie	3
Rosalyn	6
Rosar	2
Rosay	3
Rosaz	5
Rosca	1
Rosch	1
Rosella	2
Roselyn	3
Rosen	6
Rosenbaum	5
Rosiles	5
Rosin	5
Rosine	6
Rosis	7
Rosita	6
Rosli	7
Rossi	6
Rosti	3
Rotem	1
Rothe	7
Rothenberg	3
Rouquie	4
Rousseau	5
Rubsam	6
Ruemmler	3
Rullman	4
Rusmann	4
Rusterholz	7
Rutger	6
Ruther	3
Sabnani	3
Sachar	10
Sachem	3
Sachin	5
Sachio	3
Saddek	5
Sadegh	3
Sadok	3
Sadowski	2
Sadowsky	3
Sadun	4
Saeed	3
Saeko	5
Sahrah	6
Sailaja	3
Sajjad	4
Sajjan	4
Sakthirel	3
Salinas	3
Salvador	9
Salverda	4
Salvesen	1
Samarati	7
Sambasivam	6
Sampalli	2
Samphel	7
Sandeepan	3
Sanella	4
Sangeeta	8
Saniya	5
Sanjai	5
Sanjay	5
Sanjeeva	2
Sanjit	6
Sanjiv	6
Sanjoy	6
Sankaranarayanan	3
Saoudi	3
Sariel	8
Sarita	6
Sasan	4
Sashi	6
Sastry	4
Satoru	4
Satosi	2
Satyanarayana	5
Savasere	3
Scallan	3
Schaad	3
Schaaf	3
Schaap	2
Schach	3
Schade	4
Schaft	1
Schahn	1
Schapire	1
Schapiro	3
Scharstein	5
Schauser	4
Schicker	8
Schieder	3
Schiettecatte	6
Schiper	1
Schlegelmilch	3
Schlumberger	4
Schmezko	5
Schmiedel	4
Schmittgen	4
Schnabel	3
Schneeberger	5
Schnelling	2
Schoegge	2
Schonegge	2
Schreiter	5
Schrift	1
Schrooten	1
Schueller	5
Schurmann	2
Schusler	3
Schwabacher	7
Schwaller	4
Schwartzbauer	4
Schwartzburd	3
Sedat	1
Seghrouchni	6
Segond	1
Seiwald	3
Selvestrel	5
Selwyn	1
Senior	1053
Senzako	7
Seongbae	5
Seongbin	3
Serap	5
Serdy	5
Serenella	5
Serge	2
Sergi	6
Serif	3
Serna	4
Serot	5
Serov	2
Serra	6
Serre	2
Servi	5
Servieres	6
Seshu	9
Sessa	5
Sethi	3
Setia	4
Setiz	3
Setlzner	4
Seuren	6
Sevcikova	2
Sewelson	4
Sgarro	7
Shackel	3
Shackell	1
Shahab	9
Shahaf	3
Shahar	2
Shahid	7
Shai	3
Shaibal	7
Shakhar	1
Shaleah	1
Shalesh	10
Sham	3
Shan	10
Shanbhogue	1
Shao	4
Shaowei	8
Shaowen	7
Shaunak	5
Shaw	2
Shawna	2
Shay	5
Shaz	3
Shem	2
Shen	7
Sherertz	7
Shichao	4
Shietung	2
Shigeaki	6
Shigehiro	4
Shigehito	6
Shigei	7
Shigenori	8
Shigeo	3
Shigeu	5
Shih	2
Shihab	4
Shim	1
Shimshon	2
Shimshoni	2
Shin	6
Shinomoto	3
Shir	3
Shiratori	6
Shirish	4
Shiv	1
Shmuel	2
Shobatake	8
Shokrollahi	1
Shooichi	6
Shounak	3
Showalter	2
Shrader	6
Shridhar	6
Shrikanth	3
Shugo	3
Shuho	4
Shuichi	3
Shuji	6
Shuky	6
Shumilov	4
Shunichi	5
Shushma	2
Shuzo	4
Siamak	3
Sibyl	3
Sichman	2
Siddarth	2
Sidhu	1
Sidje	5
Sidou	2
Siegrist	4
Siepmann	4
Sifakis	4
Sigeru	4
Sigstam	4
Siksek	5
Silva	1
Simkin	4
Simmel	6
Simmen	6
Sinicrope	7
Siochi	3
Siprelle	6
Sivanarayana	6
Skafidas	1
Skogmar	1
Skrikant	1
Slaats	2
Slavian	7
Slobodova	7
Slutz	4
Smailagic	7
Smeets	7
Snedden	5
Snehasis	2
Snyers	3
Socorro	5
Soenke	4
Soicher	2
Solares	8
Solovay	5
Soloway	9
Sommen	3
Sommer	2
Somnath	4
Sooriamurthi	4
Sorina	2
Souichi	3
Spataro	2
Speckmann	3
Speek	5
Speel	2
Speer	2
Spell	3
Spelt	3
Spieker	4
Spinelli	5
Spyrose	3
Sreekrishna	5
Sreenivas	4
Sridhar	2
Srimani	5
Srinidhi	6
Stabislas	4
Staelin	5
Staff	2579
Stafford	12
Stamatina	6
Stamatiou	6
Standera	2
Stanfel	4
Stanger	5
Stassinopoulos	2
Staudhammer	4
Stavenow	6
Steen	6
Steenbeek	3
Stein	4
Steinauer	1
Stella	5
Stellhorn	3
Stemann	5
Stenning	2
Stentiford	2
Stepehn	4
Steve	5
Stevo	8
Stifter	2
Stiles	2
Stille	2
Strandh	5
Straney	2
Stranks	2
Strehl	4
Streit	2
Streng	2
Strooper	6
Stroustrup	4
Subbu	2
Subhada	4
Subhankar	4
Subhash	8
Subhrajyoti	5
Subir	7
Sudbeck	3
Sudhanshu	6
Sudharsan	5
Sudkamp	3
Suebskul	2
Suermann	3
Suessmith	4
Sugwoo	4
Sukumar	6
Sullins	4
Sumali	4
Sumant	7
Sundgren	2
Suomi	2
Supot	7
Suppi	3
Suri	3
Surveyors	5
Sury	1
Susanna	6
Susanne	5
Susanta	2
Sushant	3
Susuma	1
Susumu	3
Suvo	3
Suwa	3
Suzette	3
Sven	5
Sverrir	3
Swab	2
Swan	4
Swen	6
Swick	5
Swift	3
Swiler	1
Swiss	3
Swist	4
Syang	2
Syozo	1
Syrotiuk	3
Syrzycki	3
Szabolcs	4
Szemeredi	1
Szilard	5
Szmurlo	4
Tadahiko	3
Tadahiro	11
Tadanori	8
Taegyun	4
Tagansky	4
Taiji	6
Taisook	7
Taizo	1
Takahira	6
Takahiro	3
Takahito	3
Takanami	3
Takanari	3
Takkinen	4
Takushi	5
Talmon	2
Talmor	5
Tamiya	2
Taneja	5
Tanemo	5
Tasistro	4
Taubenfeld	3
Taubman	2
Tayeb	7
Tchuente	3
Technique	278
Teiji	6
Teitelbaum	1
Tempesti	4
Temple	2
Templeman	4
Terekhov	1
Terkki	5
Terlouw	3
Terresa	7
Teruyuki	6
Terwilliger	2
Tesuro	3
Tesuya	4
Tetsurou	5
Tetsushi	5
Tetzlaff	5
Teunis	2
Thambidurai	3
Thanasis	9
Thebaut	5
Theirry	7
Theron	9
Theuretzbacher	1
Thibadeau	3
Thimonier	5
Thiran	7
Thiria	5
Thisen	6
Thodoros	7
Thombley	3
Thorelli	3
Thorensen	2
Thummel	4
Tianruo	6
Tibblin	2
Tiemann	3
Tiina	6
Tischendorf	5
Tokunaga	7
Tokuyasu	5
Tomescu	5
Tommaso	5
Tomofumi	3
Tomokazu	3
Tomoyuki	6
Toney	4
Tonia	4
Tonny	2
Toong	7
Tooru	3
Torsten	4
Toshiki	5
Toshiko	8
Toshimi	4
Toshimitsu	4
Toshimo	5
Toshimori	3
Toyoshima	2
Trachtenberg	4
Tramer	2
Tran	5
Trelles	2
Tremaine	5
Tristan	2
Trogemann	4
Troy	1
Tru	5
True	5
Trumbly	6
Trygve	3
Trystram	1
Tse	3
Tsukuda	6
Tsukune	3
Tsuneo	9
Tsunoo	3
Tsutomu	7
Tsvetan	5
Tsz	4
Tua	6
Turgut	8
Turnbull	7
Tuval	7
Tyugu	1
Tze	10
Tzu	4
Tzvetan	5
Tzvieli	4
Uchoa	5
Udaiprakash	2
Udi	3
Udo	5
Uehara	2
Ugo	5
Uhrig	4
Uinam	6
Ulf	4
Uli	8
Ulises	3
Ullian	1
Ult	5
Uludag	2
Ulupinar	2
Uma	6
Unal	5
Underwood	5
Undy	4
Ung	8
Unni	4
Unno	3
Uno	4
Uri	3
Uriel	4
Urs	4
Usdin	2
Usery	2
Ushiama	3
Uta	4
Ute	6
Utpal	5
Utz	4
Uwe	3
Uzi	7
Vadhan	2
Vakili	3
Val	6
Valdiodio	4
Valeri	4
Valery	1
Valeska	5
Valette	5
Validov	8
Valiente	5
Valter	2
Valtorta	2
Van	4
VanScheik	2
Vandervoorde	4
Varker	3
Varley	2
Varman	3
Vasanthakumar	1
Vasilii	3
Vasilis	4
Vasiliy	8
Vatsa	6
Vecchi	2
Vecchio	5
Veccia	6
Veeraraghavan	3
Veevers	2
Velardi	1
Velasco	5
Veldwijk	4
Vendrig	6
Venkatesan	6
Ventosa	5
Verhaegen	4
Verhoeff	5
Vernadat	3
Versino	4
Verspoor	3
Vesel	7
Vesna	4
Vickson	4
Vidal	5
Vidar	3
Vidya	9
Viele	3
Vieth	4
Vigier	4
Vilarrasa	2
Vincent	4
Vingron	1
Vishu	2
Vishv	5
Vishwani	5
Visit	4
Vitali	4
Vitaly	6
Vitiello	4
Vivian	2
Vojin	3
Volkmar	2
Vrecion	2
Vugranam	5
Vural	5
Vuskovic	2
Waeselynck	4
Waiman	3
Waleschkowski	2
Wallrath	9
Walston	1
Walstra	3
Wanqing	1
Waschkowski	4
Waterhouse	4
Waymire	8
Wayne	9
Weedman	2
Weedon	2
Wegerle	4
Weicheng	6
Weidon	6
Weijing	3
Weiland	2
Weiru	6
Weisert	5
Weiwu	9
Weiye	2
Weiyi	7
Welham	5
Wendorf	9
Werner	6
Werthner	8
Whitcomb	3
Whittlesey	1
Wiegley	4
Wielonsky	5
Wilfing	1
Wilharm	5
Willard	8
Willoner	5
Wilmer	5
Winter	2
Wissmann	1
Wixon	3
Wojceich	3
Wolniewicz	4
Wonhee	5
Woody	4
Worfolk	7
Wossner	2
Woycyznski	1
Wrigley	1
Wroclawski	4
Wursthorn	3
Wuwongse	2
Wuxu	4
Wynblatt	2
Xiadong	2
Xiahua	4
Xianlong	4
Xiaobin	5
Xiaocheng	4
Xiaoheng	5
Xiaopeng	2
Xiaoqiang	4
Xiaoqiu	4
Xiaoshan	5
Xinan	6
Xinglin	2
Xinyu	8
Xiong	4
Xiping	5
Xudong	8
Xuedong	6
Xuejia	1
Xuejun	6
Xumin	6
Yagil	7
Yahiko	2
Yakichi	9
Yakkov	2
Yamaashi	5
Yannik	3
Yannis	6
Yavatkar	2
Yechezkel	1
Yechiam	2
Yefim	7
Yemenis	6
Yetim	2
Yetto	6
Yeung	1
Yifei	4
Yinghua	4
Yinlin	1
Yishai	2
Yishay	1
Ymte	6
Yolla	3
Yongdong	4
Yonghoan	1
Yonghong	11
Yongmao	6
Yongmin	2
Yongqiao	3
Yoshimitsu	6
Yoshimura	3
Yoshinari	7
Yoshizawa	6
Youjian	5
Youngkon	3
Younwoo	3
Youpyo	3
Youssef	7
Yucai	5
Yucel	6
Yuchang	8
Yuguang	4
Yuichiro	6
Yunming	7
Yuping	5
Yuqun	6
Yurek	3
Yurii	7
Yurij	8
Yuriy	2
Yurov	4
Yuuichi	3
Zaccaria	2
Zaiane	5
Zallocco	4
Zambonelli	2
Zastre	3
Zaumen	2
Zdislav	8
Zedlitz	3
Zeidenstein	2
Zeilberger	3
Zejun	2
Zeleznik	2
Zeljko	3
Zengping	2
Zeydy	7
Zhang	3
Zhanqiu	3
Zhaofang	10
Zhenbing	3
Zhenhua	6
Zhensheng	4
Zhigen	2
Zhiguo	5
Zhilian	5
Zhiwei	4
Zhonghua	5
Zhonghui	2
Zhongwei	3
Zielinski	5
Zijian	4
Zine	4
Zirintsis	6
Zissis	7
Zita	5
Zito	3
Ziva	2
Ziya	3
Ziyad	4
Zizka	7
Zlotek	3
Zobel	5
Zockler	2
Zolotykh	3
Zongker	7
Zongyan	2
Zorica	5
Zschoche	1
Zsolt	5
Zuberek	5
Zucker	4
Zultner	2
Zumaque	1
Zvonko	4
Zweizig	2
Zwicker	5
Zyda	1
Zykh	7
birth	1
dAstous	4
date	2
emp	1
first	1
gender	1
hire	1
job	1
last	1
name	2
no	1
title	1
