0	2608
0205113	1
0277422	1
0282638	1
0454995054402	1
05687203791469	1
0592383638928	1
07364341085271	1
08905852417303	1
1	591
10	104
100	6
1000	2
10062	1
101	2
1012	1
102	8
10202	1
10229	1
103	3
1030	1
10312	1
104	6
1049	1
105	4
106	5
1067	1
107	3
10748	1
1076	1
108	8
109	5
11	87
110	3
11030	1
11044	1
111	7
1114	1
1115	1
1116	1
112	6
1120	1
1127	1
113	6
1132	1
114	10
1140	1
11458	1
1148	2
115	3
116	5
1168	1
1169	1
117	6
1170	1
1171	1
118	7
119	4
1193	1
11955	1
1196	1
12	79
120	9
121	9
122	7
123	8
1231	1
12377	1
1238	1
124	4
1243	1
125	9
126	9
12626	1
1265	1
127	9
1276	1
128	9
1281	1
1282322	1
1286	2
1287	1
129	7
12981	1
13	70
130	8
1309	1
131	4
132	8
1323	1
1327	2
1329	1
133	4
1330	1
1332	1
1338	2
134	4
135	2
1351	1
136	5
1365	1
137	7
1373	1
1374	1
13792	1
138	10
139	4
1392	1
1394	1
1395	1
1396	2
14	50
140	5
141	6
142	7
143	4
144	6
1442845	1
1449	1
145	4
1453	1
1456	1
14593	1
146	7
1463	1
14640	1
1467	1
1469	1
147	7
1471	1
1474	1
148	4
1481	1
1482	1
1486	1
149	4
1494	1
15	58
150	9
151	5
152	5
15200	1
1528	1
153	6
154	2
1549	1
155	6
1550	1
156	4
157	5
15716	1
1573	1
158	4
159	1
1591	1
16	62
160	8
161	3
16167	1
162	6
1620	1
1625	1
163	5
1635	1
164	6
16466	1
165	4
166	3
1660	1
16605	1
1661	1
16660	1
167	6
168	3
1680	1
1686	1
169	3
1697	1
17	39
170	2
17013	1
1706	1
171	2
1713	1
172	3
1729	1
173	5
1730	1
174	6
1740	2
1743	1
1748	1
175	4
176	3
1766	1
177	7
178	3
179	3
18	46
180	3
181	4
182	1
183	2
184	7
1845	1
185	4
1850	1
186	2
1863	1
1867	1
187	1
1877	1
188	6
189	3
18918918918919	1
1895	1
19	42
190	3
1902	2
1906	1
191	4
192	3
193	3
1932	1
1933	1
194	3
1945	1
195	1
196	2
1961	1
1966	1
197	3
198	3
199	2
1994	1
1995	1
1996	1
1997	1
1998	1
1999	1
2	379
20	40
200	2
2000	1
2001	1
2002	1
2003	1
2004	1
2005	1
2006	1
2007	1
2008	1
2009	1
201	3
2010	1
2011	1
2012	1
2013	1
2014	1
2015	1
2016	1
2017	1
2018	1
202	1
203	4
204	3
2041	1
2042	1
205	3
2053	1
206	1
207	3
2076	1
207751	1
208	4
2083	1
20887245841035	1
209	3
2096	1
21	47
210	5
211	3
212	2
2124	1
2126	1
213	3
214	3
215	2
216	3
217	1
218	2
2187	1
2189	1
219	2
2190	1
22	31
220	4
221	4
222	2
223	2
2235	1
224	2
2247	1
225	2
226	4
227	5
228	4
229	1
23	29
230	4
231	2
2319093	1
232	1
233	3
2332	1
234	4
235	2
236	3
237	5
238	4
2386697	1
239	4
2395	1
2398	1
24	38
240	1
2405	1
241	2
2417	1
242	3
243	4
2436	1
244	3
245	2
2459	1
246	3
2467	1
248	2
249	1
25	32
250	3
2508	1
251	2
252	4
253	2
2530369	1
254	2
255	3
256	3
2568	1
257	5
258	4
2589	1
259	1
26	29
260	5
261	2
261905	1
262	2
2628	1
263	2
2630	1
264	9
265	4
2650	1
266	2
267	1
268	1
269	1
27	37
270	4
271	2
272	3
2721	1
273	3
2737	1
274	1
2747	2
275	2
276	1
277	2
2776	1
278	3
28	36
280	1
281	3
282	3
283	2
2849	1
285	1
286	2
287	1
288	2
289	1
2894598	1
29	20
290	2
291	4
292	1
293	4
294	3
2946	1
296	6
297	3
298	2
3	289
30	24
300	1
301	3
302	1
303	4
304	1
305	2
306	3
3061	1
307	1
308	2
3085	1
31	16
310	5
311	3
312	2
313	1
3136	1
314	2
315	2
316	3
3168	1
319	1
3193	1
32	22
320	3
322	2
323	3
325	1
3255	1
326	1
3267935	1
327	2
328	1
329	3
33	24
331	1
332	1
333	2
334	2
3340292275574	1
335	4
336	2
3365	1
337	3
3387	1
339	5
34	26
340	2
341	5
342	1
343	2
344	1
345	2
346	2
3471	1
3478261	1
348	2
349	1
35	27
351	2
353	1
353394446659	1
354	2
355	1
356	3
357	4
3571	1
359	1
36	17
361	2
362	3
363	1
364	1
365	1
366	2
367	2
368	1
369	2
37	19
371	1
372	4
373	1
374	2
3740	1
375	1
376	1
3777	1
378	2
3788	1
379	4
38	18
381	1
382	2
3827	1
383	1
385	2
386	3
389	1
39	21
3903	1
3907091	1
391	2
392	3
3925	1
393	1
394	2
3949419	1
395	1
3953	1
397	1
3974	1
398	2
399	1
3999	1
4	220
40	10
400	4
4002	1
401	2
402	1
403	2
404	1
405	3
4056	1
4060	1
4060529	1
4079	1
408	1
4088	1
409	1
41	23
411	1
412	2
4170	1
418	2
42	19
420	1
421	2
422	1
423	2
424	2
425	2
426	2
427	1
428	2
429	2
43	13
4301	1
431	2
432	1
4323	1
433	2
434	1
436	2
439	1
44	27
442	1
443	2
4445069	1
448	2
449	1
4497	1
45	20
450035945363	1
451	1
452	1
453	1
4532	1
457	2
4585	1
4587	1
459	1
46	22
460	2
465	1
467	2
468	1
47	19
473	1
474	2
475	1
476	1
477	1
48	17
480	2
481	1
485	2
487	1
489	2
4897	1
49	13
491	1
495	2
496	1
4963914	1
498	3
4989	1
4994861253854059609	1
5	199
50	12
5003	1
504	1
5040431	1
508	1
509	1
51	15
511	3
513	3
5169	1
518	1
52	12
520	1
521	1
522	1
523	1
526	1
5261	1
5262	1
527	1
528	1
529	2
53	17
531	1
532	2
534	1
5356	1
5363128	1
538	1
54	18
540	1
5404	1
541	2
547	1
549	2
5490375802017	1
55	18
550	1
551	1
551592	1
553	1
554	2
556	1
5563	1
557	1
558	1
56	22
5614	1
5615	1
5635	1
565	1
57	27
570	2
5713451	1
57142857142857	1
573	1
5778	1
5779	1
58	11
5803	1
582	1
5827144	1
584	1
5848	1
589	1
5897436	1
59	16
590	4
592	1
5959618	1
6	178
60	10
6036	1
6039	1
609	1
61	10
610	1
613	1
615	1
616	1
6180	1
6191	1
62	8
620	1
624	1
625	1
626	1
628	1
6290	1
63	16
631	1
634	1
636	2
637	1
638	2
64	12
6432	1
6439011	1
644	1
6476	1
65	8
651	1
652	1
653	1
6538164996144949884	1
655	1
6564752	1
658	1
6597	1
66	12
667	1
67	14
670	3
675	1
6761	1
68	14
682	1
683	3
684	2
6843	1
6846361	1
685	1
686	1
6869	1
69	9
692	2
695	1
699	1
7	164
70	12
7017059	1
703	1
705	1
706	2
707	1
71	11
7176	1
7199335	1
72	8
720	1
7240	1
728	2
73	16
7300	1
739	1
74	15
746	1
749	1
75	8
751	1
751677852349	1
752	2
7527	1
7538	1
7548258	1
76	6
7607	1
764	1
765	1
77	7
770	1
772	2
774	1
7784	1
78	9
782	2
79	8
7935216	1
7988008	1
8	121
80	11
800	1
802	1
805	1
81	11
811	1
812	1
8148148	1
8159	1
82	7
825	1
83	6
830	1
833	1
834	1
8345	1
837	1
839	1
84	7
842	1
85	8
852	1
853	1
857	1
86	7
865	1
87	9
8707	1
8709677	1
876	1
88	13
8839	1
884	1
8845	1
8879114	1
8883643	1
89	7
894	1
9	129
90	9
9048704	1
9059	1
9077118	1
91	7
910	1
9119	1
915	1
92	8
9206	1
9224	1
9263	1
929	1
93	7
94	6
95	6
956	1
9594	1
96	6
961	1
969	1
97	5
9706	1
9737331	1
98	9
989	1
99	8
